0.398812058184446
0.516665540056784
0.521032907717917
1
0.37656810638811
0.458918654120776
0.347775779113051
0.452581412101619
0.401674449296428
0.530680086471241
0.479264398834455
0.407755996868527
0.491078312650638
0.463416128054773
0.429013538048329
0.594896391794516
0.430906921819589
0.353042229214644
0.41107957010032
0.525991914736983
0.435876994697452
0.352193773866264
0.457036753998936
0.496701429409275
0.566229039553911
0.485958839090371
0.383536275519679
0.471533200923418
0.440388458269415
0.370246830592034
0.504926095571691
0.400944209475944
0.562009897264968
0.459432739432513
0.350483056224508
0.567374978351908
0.550539867400855
0.500932942972616
0.380291059730449
0.406692852273763
0.432348561738668
0.424877445117783
0.451243029573632
0.398272469320666
0.458885096627598
0.387926555200126
0.484213843056743
0.377819282378405
0.446234492018276
0.3839958941861
0.391488156541382
0.407443806185693
0.485652523232794
0.371310562897773
0.3544247379581
0.406740688102978
0.41377779022472
0.401777733922424
0.432277080837043
0.464318821216338
0.418952271418685
0.47924519168811
0.443467938379633
0.439239757541416
0.440787012262926
0.451739402852724
0.448981670118761
0.416948986991235
0.405622700530497
0.587718217616571
0.399242587826386
0.482437778228919
0.567319125358939
0.414666294524512
0.429886706577979
0.411466618020514
0.423847282837094
0.515835729882833
0.424108687165651
0.440349668882448
0.398125817302993
0.469275010229873
0.481894788495943
0.531440541873335
0.473516393526556
0.421822117397692
0.496426237433656
0.593812261279028
0.561882678699811
0.419954697814568
0.413500830995739
0.389053542741432
0.425664493390713
0.538714532247498
0.493383885075382
0.443727151870811
0.404888714531314
0.49745060568114
0.400430983740211
0.515063373507592
0.444899433970889
0.505396246774152
0.451078012827723
0.341295650900421
0.468913587439508
0.393793849977268
0.467371900792077
0.472259909708707
0.382386457717526
0.393504475150283
0.574556152014365
0.409328133583215
0.445421395184606
0.43976168143245
0.497013323047211
0.45207056585703
0.438341833381121
0.435277585184366
0.514296761378129
0.447305693013667
0.498943145442552
0.543175376915203
0.396932169456893
0.510935593992875
0.51930729224527
0.55163102630701
0.447472675013705
0.396593172901419
0.496836391237878
0.459504966218074
0.381686795055234
0.405450907503896
0.450757529888642
0.438889242432322
0.471729250425602
0.377218060711704
0.499972694859204
0.444902930134192
0.393188091534247
0.469224831101866
0.423604691436313
0.458499378236593
0.511515692675744
0.391660759472436
0.433876614402353
0.357310039758268
0.449436404308998
0.464494347010252
0.54724355933179
0.418954798156372
0.465225556539286
0.385946873622113
0.423480198317623
0.430626594747828
0.360902844673691
0.422412888462747
0.486033172713675
0.466282287703717
0.510785145917104
0.391311736261944
0.449242912484241
0.446131967854405
0.417255172317514
0.440317019842248
0.534298699700573
0.416264292142584
0.506653203222288
0.419828016275207
0.47535796292429
0.461504856628448
0.496934235020338
0.334128498874547
0.398543903118146
0.501341010150367
0.488397249098207
0.540919908440927
0.441875907293553
0.435136903580018
0.427241101495127
0.49346830858237
0.465817944523516
0.399626407693046
0.435406029509509
0.486550520935672
0.475765135558865
0.429539731863823
0.584184999694208
0.46639027237023
0.415687695653914
0.483017874186722
0.479303761000039
0.486032808752306
0.430885014284018
0.432960696817642
0.426336151467952
0.424059642985773
0.432123726373479
0.471138115710766
0.417933175426182
0.367027880474534
0.386305344609571
0.369899963721537
0.364366881356369
0.437933454435157
0.412794508415896
0.469403717812831
0.474011300394447
0.538658018746524
0.460882352014899
0.378741213514848
0.480586237725805
0.393062331823825
0.612000156046476
0.469332627485372
0.352426940699885
0.462421196465771
0.463356101971139
0.469478349367632
0.517837850527616
0.587831438973307
0.443254545115963
0.474766112901444
0.392063933677817
0.529690350668938
0.594424554864563
0.504397630563046
0.560160377251212
0.494562118576841
0.425170748840519
0.43670782677516
0.472171700579866
0.394059048832599
0.487131357138346
0.585271740619386
0.338477410151823
0.480517102851376
0.406667633765959
0.595526932215956
0.50480362919094
0.428141553277663
0.450762891775053
0.519850186916441
0.509288167268709
0.451876049001445
0.327385447309244
0.410182356476674
0.374896728462673
0.394458000146281
0.360951831075907
0.493652241523915
0.416039706128845
0.398039943462025
0.352607309165789
0.429987797011622
0.552140150423444
0.448822929614598
0.481460804010288
0.365859659008696
0.443774510397424
0.422886858611041
0.452045342793654
0.399214940972252
0.488947393466359
0.46816391420048
0.467177613299084
0.490435174383202
0.566144604636856
0.476703441066625
0.46754980216439
0.485274297325908
0.4279563588596
0.44727490403816
0.505278153999718
0.45666455865823
0.513520656851876
0.501806148592779
0.39974604219883
0.522048859572766
0.564197477362227
0.479156717124835
0.443866717567847
0.338000045802059
0.454608604810401
0.467690455215882
0.52010915343317
0.354847124216398
0.534357706058725
0.419557176327876
0.434307896538611
0.513263318691244
0.602837466554612
0.572515096398149
0.391925529629944
0.365759877577487
0.499796854139497
0.455919676075256
0.369208542697674
0.4636887663061
0.428979323114545
0.576108335785893
0.540520461332722
0.448167673230831
0.485481120749767
0.474518721967802
0.45285565410382
0.473916156452119
0.549153540337919
0.431985123090868
0.456572468898462
0.457896775094527
0.523339825202001
0.494283558330238
0.365405993115037
0.563381568076588
0.597498282832449
0.500846058126229
0.382947602959261
0.49296226070052
0.421425398014695
0.538594066959078
0.417441376805096
0.485168485754666
0.452814578119505
0.52310754222296
0.42517185422279
0.397187023119326
0.497208669718119
0.505912864058263
0.467865029421794
0.46837333539516
0.529367877820937
0.45763534758185
0.422663617357047
0.439625154318887
0.340349631324353
0.38848958031063
0.526503520281063
0.414271058403783
0.485135848390826
0.360273534923805
0.425594103588155
0.483342533997514
0.346595413525986
0.503374238626358
0.496534087206233
0.535855249095813
0.436701229551468
0.425422944414558
0.357680226935286
0.394763356465176
0.578424116050253
0.327042359049063
0.355470725876958
0.47192115361131
0.470100186275751
0.418544835209423
0.467049396147637
0.35027245748491
0.426958568833498
0.388564226610802
0.425382381725859
0.482790770719822
0.442619393378264
0.362171086317302
0.334121345703657
0.402020929949323
0.488622421192915
0.402021617230133
0.399531275298641
0.34644120477844
0.526778697252859
0.506438574420646
0.407028759417915
0.483618465045317
0.37575467831996
0.410636462170456
0.515906002039052
0.431410999002241
0.471487754046891
0.534137959860284
0.519207392759264
0.474411453335044
0.401767000691081
0.384833697021039
0.456533081263262
0.517995838069042
0.543947277872327
0.427832723333889
0.45724440416632
0.539459619227302
0.525251813149178
0.568385480088061
0.344860535742196
0.418532016038445
0.422920907711402
0.413731283010685
0.52750324122273
0.421623287029876
0.538373929021071
0.541771622165926
0.374863887179049
0.519749184837874
0.514741642851686
0.476703429300376
0.489547032848199
0.502946849801172
0.461698124017747
0.392166430923042
0.449968775623849
0.45133772489785
0.369181400915208
0.438278908430787
0.492159247818141
0.486093781149487
0.412576069441325
0.374705308716802
0.376983440956856
0.475310922618301
0.352190506114865
0.383894311980187
0.504227715778858
0.465559026713221
0.463017857921966
0.420634274999788
0.492449877815582
0.398460034430984
0.482463538573817
0.44056396679213
0.531664375473054
0.466810919136492
0.469413254208559
0.431699455151721
0.398016895107364
0.469892722486513
0.554833894944738
0.492540479594828
0.444140913950922
0.406183176609466
0.396734379939137
0.449953981652591
0.591496255159696
0.444425473572623
0.44763242513789
0.40343683434684
0.426371809785436
0.497616811587486
0.443039756941818
0.45531899990301
0.438860035087581
0.418158052020385
0.495526893074779
0.44636314759036
0.428595565873625
0.445386827506271
0.373244150385536
0.477931122803843
0.568440761605948
0.350319781391583
0.361415609039143
0.510273031719867
0.40362935267586
0.339179038818417
0.441937239666298
0.431584578773847
0.464758297874196
0.388604196547003
0.444551980634125
0.461131548921759
0.495497793089057
0.472938475830212
0.49054674695238
0.39432855894804
0.455265956005034
0.494376363701166
0.457823354008645
0.444655262475924
0.488011423930913
0.488768222802497
0.42022355097388
0.407451661168802
0.460093956563785
0.426048757994879
0.469634021483101
0.544693483860472
0.535780199913638
0.439487674602305
0.385909583813734
0.475939272255547
0.464803758336209
0.375060837421443
0.435641201329819
0.525667134703743
0.449239597428863
0.397578771374294
0.399739226188211
0.366706726516658
0.518427028170249
0.398325577954624
0.401410188767624
0.396453302450485
0.409747544572203
0.463376855968293
0.490180461846395
0.41375887529189
0.554641910450548
0.368056482269717
0.39239050637205
0.475060027371215
0.580741682097014
0.359899042398924
0.496651672419171
0.463918086596138
0.393455106032622
0.394999678885662
0.418215148936064
0.443998417076638
0.362250163477209
0.474470129159278
0.37362051159211
0.518596375670036
0.443328352715348
0.3874161670376
0.409774647263729
0.485520230839871
0.402157541112719
0.53988423496468
0.478717695346313
0.429728633615183
0.438397124663905
0.475306973973576
0.361049731053167
0.483665602333014
0.495912480963882
0.631229003766632
0.55937597776292
0.398595717490125
0.448172622085453
0.368874152460499
0.491637788292628
0.403877672109417
0.445562282820403
0.367012850593437
0.547083305471577
0.515203018345389
0.511332272913125
0.3924166785217
0.450847033175307
0.402261588380974
0.441145064759757
0.355510658286797
0.36027466568132
0.541372214232897
0.591753710680513
0.451441858161495
0.449764527510494
0.4341418580891
0.438452784083663
0.476447029757242
0.429504141948885
0.46090306750669
0.548436285228353
0.467635586497579
0.48163151977847
0.410981856378031
0.412310921233643
0.435992941755446
0.519784008361488
0.460532385061381
0.386871670229371
0.384140425416924
0.49602094606968
0.459917855890732
0.49366614354729
0.4890281111179
0.473830784048095
0.439386636207576
0.490547619646588
0.481660001665775
0.551002829518481
0.540142140705564
0.433217018411069
0.385932263021509
0.476698667512587
0.467962911193348
0.397517659632006
0.529087720911297
0.39317920227747
0.546667991173345
0.385642206696551
0.416998303356141
0.454990653399022
0.545283576552241
0.520273189197311
0.530388050506113
0.542091138463238
0.441460081726887
0.403463989863415
0.331792942341001
0.384117502007364
0.564691757386253
0.440530192255116
0.353752870947676
0.506696055479122
0.381414736087877
0.45746975135887
0.35149966287354
0.45425994541599
0.401641711388318
0.354177741847162
0.449859252877089
0.345472136816561
0.526315257943335
0.395193563901724
0.409142300610571
0.383180341199158
0.392866178836031
0.412162773518664
0.470191614091546
0.420363586953964
0.410096312531345
0.516569197162447
0.50927254112079
0.3961880409682
0.477041993696467
0.393193774292901
0.46462043987148
0.463594311516218
0.48111161231232
0.457160242806171
0.464625152881719
0.380553155421292
0.586867522661441
0.407102263987937
0.407129430092674
0.403345731889647
0.519554829409204
0.458822181297332
0.458429192349759
0.41272890238752
0.464251886546691
0.457076564832247
0.431403186681104
0.529146739383418
0.597802802451292
0.488978343220486
0.46728511105898
0.532351899180337
0.516627369305298
0.451791702623467
0.407765250366639
0.597337409218921
0.366082160742476
0.549633718957645
0.461833526326158
0.347465639468806
0.465618316715361
0.486118872262456
0.419044319890916
0.393921569203707
0.574268047323436
0.365516002307745
0.449975178457177
0.404399436806842
0.403380826773887
0.419320679056838
0.438594321223119
0.624283877929989
0.474446855941756
0.621654457094736
0.381163086394682
0.518756876048983
0.35763787953493
0.482221526466378
0.397820592163076
0.521643764656346
0.343348751864488
0.41325870605069
0.464110128919161
0.307844986784144
0.494084600360271
0.33914202810789
0.35788178973146
0.436494922354419
0.458658227433105
0.396048740639469
0.450522806504419
0.353164325948067
0.364879285963818
0.353737845304011
0.46376147747863
0.509650064473744
0.43297020910156
0.453267129763122
0.376434673944018
0.431002532904584
0.548253218171398
0.370488321996847
0.501611441185118
0.391461708897944
0.421813611672548
0.53266283055439
0.447699869644813
0.454064198228683
0.463834529509
0.476589209851808
0.437210964274934
0.41626696442976
0.463245732188785
0.419906791587057
0.398700295046689
0.406706414591642
0.446993954957934
0.466591290779344
0.583090103705886
0.452152503828923
0.473547442936737
0.414111765205385
0.52433990475436
0.519663478678452
0.53509579496995
0.582768008945014
0.397751572943289
0.517484794293669
0.516109635572196
0.34086961082648
0.52817558011416
0.382070166422154
0.5818849201161
0.447106805019168
0.460823446605293
0.415306437129595
0.432150267087381
0.411666556349855
0.501912430908492
0.437692828398798
0.357706943701446
0.482086803008282
0.474602993245247
0.424315519126844
0.426271545322868
0.379808863806426
0.395384769596806
0.45883051991049
0.364818013176795
0.444139482829833
0.312112497373344
0.426884324126336
0.483401019410494
0.389189859965894
0.487669669755177
0.428994047728866
0.408969445184094
0.315916414730993
0.417275734477056
0.462669414229173
0.353691790437633
0.446862139061105
0.422919015007608
0.385021730838812
0.405364379783293
0.41053314501083
0.37480566971152
0.377748041716277
0.430305990688892
0.544561425485292
0.439808978837255
0.419749437373737
0.482681890885229
0.51565244776859
0.375984250846468
0.55349322386294
0.434454166289789
0.377636911275987
0.406212720702602
0.411476356464052
0.377931689790613
0.322158538731456
0.521730212822943
0.433484436044843
0.397883136488281
0.540231774780358
0.506909488555565
0.58249610802057
0.500211155799522
0.536477109112947
0.427501823798263
0.534513450879091
0.516313549431079
0.447460226977442
0.465843434014707
0.438236181050404
0.470667041571371
0.432082031356988
0.405784339052751
0.537489619651458
0.544679137000799
0.44776148514621
0.486096466527371
0.501618939952043
0.359607363921854
0.400467608738837
0.515103207524431
0.398181835833449
0.401108155190735
0.353434034187953
0.382876779525168
0.506074697186802
0.457981417858363
0.471327279498061
0.37466864171146
0.486331927918014
0.399145429310956
0.51832941454632
0.568479217973618
0.399356750780115
0.628745255402141
0.365636731101949
0.384917330553575
0.445066116490777
0.453808897614055
0.439031016447715
0.453680896494348
0.454123330523429
0.436732897249789
0.473792939232878
0.491424463886054
0.551137033953027
0.401068202486896
0.534745189730903
0.376336566048586
0.458964369897119
0.362012850735179
0.991872894668505
0.554531375012185
0.455694583944472
0.440182565857118
0.468082003879883
0.430289019895005
0.429953766532397
0.529817229472136
0.415023179630935
0.367102538806232
0.398303421241759
0.362215796418565
0.480658950188591
0.620571244619405
0.405416277599005
0.546298984636159
0.4119565185422
0.436262949692589
0.534433893350035
0.435769650697465
0.396048863177618
0.41867351190709
0.448964727114719
0.480948519482906
0.434613217448187
0.470220866881017
0.307904392468651
0.528534277238707
0.494355118703187
0.398058193837393
0.465809843999744
0.483615929985456
0.400996359131861
0.398414205652142
0.436336744014398
0.510169197576516
0.537347436300731
0.453410257621901
0.596633095579532
0.567529369884715
0.450854027758984
0.491401549964231
0.4197784785315
0.433905188608943
0.420768928328708
0.461283057227205
0.542792451339127
0.392464880856196
0.475652600920564
0.478424847214977
0.56645770881231
0.51264297677777
0.396721671530628
0.481943421350746
0.579095146088049
0.362143902606931
0.482752385020223
0.381929456850992
0.489158569562731
0.456374571180363
0.535492693373188
0.465109075521228
0.49286057198966
0.452704399610549
0.401817594910905
0.466245008679745
0.527859478670229
0.503219192799483
0.38559306253239
0.547239468226072
0.481883060674406
0.430447248823439
0.48014706183386
0.459823966991998
0.540811943008001
0.384230708766
0.539272462605686
0.496848435119512
0.512634764388123
0.491207348059773
0.360867451461514
0.408508105542511
0.423611000040564
0.502210137125431
0.460193710889048
0.453448944678277
0.47679054115342
0.363390646542279
0.431576779978933
0.489447155814473
0.502006427245613
0.509428529173978
0.603289560025524
0.349001638891402
0.529147831086624
0.407009952785676
0.442373925061323
0.479983458620925
0.404338530536642
0.406110880762252
0.509953336603707
0.384242862308335
0.507928366007759
0.53381956880621
0.411842858064195
0.397422033710671
0.481015613568369
0.447404900346594
0.332555761703909
0.444374763215044
0.428206765837628
0.431045842853919
0.558168199487828
0.410307293436645
0.356357551635722
0.462148068207315
0.406503524341058
0.492821120945316
0.436552679540601
0.505255989700135
0.61527357217022
0.485848905652159
0.454226533387594
0.515141662396679
0.497436439991097
0.616279005062437
0.451215425958537
0.383899872566283
0.479631163730815
0.580739185335057
0.417893178261523
0.362543919716345
0.469869474891512
0.381037981606876
0.361986118381492
0.499523173669472
0.526761480764386
0.53846847806637
0.55088283221874
0.494382293870908
0.429334441524904
0.493450994735982
0.541989450084995
0.501871640217217
0.45558169360453
0.490540989964357
0.450804432448653
0.503786522501088
0.367812053709948
0.514069564461137
0.394530579036491
0.453298594024698
0.508578258088522
0.554963178523408
0.389303611234126
0.389596275583347
0.456534118160869
0.368843600002445
0.449040780538418
0.467628533882406
0.477905752752346
0.587059975323937
0.58766560360367
0.480252763588104
0.510895891167118
0.455982963529889
0.457005299489019
0.555661109265235
0.489412472996561
0.335331743454227
0.419130224265578
0.51729845904618
0.391356918241337
0.501937097470938
0.345696001364716
0.380944512340972
0.509295793864828
0.429857052661176
0.462419220820204
0.425786858125994
0.426277009176561
0.489134035703166
0.550487736835325
0.446439200354849
0.568474897332027
0.437798452866956
0.492061826105789
0.429672024657541
0.508352666066673
0.375440429724834
0.384453613593094
0.362709609457813
0.319534567081504
0.544546149942829
0.517594426089418
0.475032580501994
0.459878728512118
0.368592547462995
0.425380367180075
0.563208287332287
0.437160851922358
0.48306385263739
0.534900658357701
0.470127377912519
0.545054403414801
0.547527761828634
0.471478056522943
0.418193588031757
0.526331277653996
0.412226700715604
0.454563453065627
0.508566218324877
0.516279843061037
0.440384107489416
0.545948594955116
0.454764684374711
0.402194974632825
0.441339016993032
0.530602567114016
0.302681605159079
0.31394426248433
0.397430521447881
0.403316471949383
0.409054674585936
0.386611507787599
0.391395430883281
0.491792278259529
0.434958510971039
0.458699779197389
0.425734562981141
0.577389137446203
0.512224240801326
0.574108050555629
0.429177313766127
0.396527925825369
0.434995165614278
0.441638952153204
0.473164488761826
0.48047989684562
0.391848946778052
0.354302749237479
0.449807067017034
0.572080776330709
0.380017612474449
0.441113225647081
0.504966969846934
0.558668762044664
0.494386591877693
0.518488281105061
0.390025194097464
0.431729458190589
0.513338521154479
0.40465708730411
0.442939647291511
0.472462282349614
0.449629706983647
0.588750705551166
0.465289760570898
0.434083895517184
0.390104945115904
0.381250037735393
0.569426470745994
0.372662843454818
0.428380273906751
0.489707285150021
0.439966977544079
0.583256652511385
0.437670814420643
0.457658599457704
0.394017157463359
0.42215457084943
0.34906424494266
0.441019934741735
0.530011666342082
0.477060749312096
0.468241116890861
0.447567065692606
0.318110137534672
0.51833553160921
0.560960026246274
0.431263306209727
0.410506794197133
0.426024315382132
0.458618767768054
0.378133124622193
0.3431402721985
0.519219722126178
0.568686455389472
0.482364269324741
0.378557435063114
0.392648650686616
0.412484939341944
0.412265980551337
0.525767191434426
0.392112750979506
0.471622371092386
0.541698881944345
0.49651110192605
0.511228902625911
0.445069003992332
0.551918045653736
0.345173068961283
0.429509248522095
0.50012792781265
0.389332614124084
0.542133634948264
0.507004717074533
0.486878649774959
0.463719235901851
0.449812513383355
0.390691656334131
0.344540498789246
0.402505564015125
0.455760062839478
0.395315150004625
0.367492532399453
0.43699114110671
0.421124928089089
0.556345070916086
0.356028404015029
0.430837646554919
0.451530072126332
0.384869498394939
0.442016438600408
0.473665814035849
0.515831179374673
0.429668138435504
0.346212320104994
0.526211708622982
0.532924782611236
0.363703299768185
0.612501063168913
0.489901451544002
0.433572406424548
0.462480838969647
0.374277702059526
0.391299880665344
0.47274337573105
0.48213837686926
0.534195923282013
0.42293806353071
0.412535364605068
0.52659365167838
0.374550753674512
0.439014368969376
0.458638537280074
0.480985979104868
0.439912475926975
0.56227521130155
0.480196201743513
0.595038721746471
0.4191180173605
0.542163760995517
0.57873417765834
0.399366305508954
0.51687414637781
0.665201091439172
0.505094395148726
0.463182826962002
0.436222760201544
0.513883957264696
0.570844812679896
0.344555032968662
0.459291470529079
0.475002625306224
0.438819207814817
0.48613417939626
0.480846308971038
0.529960150167606
0.458153727633578
0.524284400609271
0.501879174000454
0.439176486437677
0.522125567157467
0.404396088639457
0.436403951326909
0.339639024771586
0.432061646873506
0.417593548516344
0.598756464371785
0.529744181825728
0.462710087353977
0.517012007080521
0.433713658846328
0.388506293242304
0.398323963982122
0.558259161722622
0.453986610675579
0.41195025973104
0.381236292084872
0.400454049568636
0.416086622269261
0.38243911690294
0.456204411101408
0.489533989616983
0.380418372799408
0.456754562054499
0.502545642522104
0.400075241212058
0.615376419307867
0.370584383238311
0.385291890975791
0.398723052263148
0.491512466106734
0.371883901548663
0.309576173048516
0.479950507678328
0.438558642900226
0.470319098357499
0.44649346803829
0.354426486756457
0.461036029932638
0.493057430354496
0.309558437587886
0.306988330321913
0.462085252701028
0.40150904218393
0.518525248801476
0.322655290323786
0.454645311832846
0.368896183521002
0.460887181157913
0.401347154009053
0.531399826684705
0.47719965755257
0.504559277265782
0.457745297832122
0.387287829165815
0.513420598202336
0.503031664160647
0.484037561708437
0.492237085618657
0.625597333121039
0.427948914821678
0.414577869381848
0.461577966790532
0.382880039806945
0.357721462968383
0.370465297123932
0.438739729722954
0.412683055351344
0.510677290365889
0.440686246304866
0.444687647684845
0.548057848574366
0.456759501949132
0.301523083471552
0.354790975477385
0.339174792276458
0.461572771284592
0.41574453888875
0.470708562381756
0.525998137360478
0.501887870089282
0.441483605706413
0.415658991897832
0.402109793841081
0.493925074771529
0.426613985164573
0.529135919567345
0.450958811862298
0.401611286144698
0.494638006307455
0.410815731573267
0.410074891326487
0.512998356212685
0.496061398886177
0.414040905766972
0.56351726180661
0.477780508241968
0.511658006173848
0.467863406309475
0.37438376894019
0.46088760994031
0.440944635743293
0.534717746452346
0.360683619454156
0.36336309861191
0.471993333270836
0.370992495299848
0.482364481134262
0.426984100242037
0.500526002960138
0.460212768588867
0.475424560044393
0.386533780990683
0.404134231501064
0.461438198221499
0.371878112530344
0.530899232803916
0.446439493201731
0.360366444190121
0.49619244216218
0.458137870274337
0.50089131416134
0.349299491638716
0.402350797073859
0.392934292119009
0.335801679421819
0.446717617884379
0.578134040183072
0.378916078734005
0.388816843867176
0.575270175064157
0.495284630525226
0.412521992023892
0.40354884899665
0.529348817943062
0.39761906878614
0.499257914173867
0.47845138943617
0.563131538746808
0.395920447352284
0.548414657271692
0.417230385655206
0.617988188172123
0.571815148175268
0.421062868434183
0.44603659897678
0.529548682931518
0.471915319595798
0.50774061588052
0.635106060262608
0.483497583208864
0.532379976924292
0.377959670008467
0.449913677995433
0.605193740077098
0.473640081949959
0.410630049381079
0.524090366682876
0.491149662101979
0.389778254278028
0.4210104843313
0.450541464898131
0.403689283394839
0.546978556697473
0.430494415259249
0.425970900105206
0.481480210751343
0.42622932524618
0.55959488307429
0.370294440090034
0.406860799581294
0.427082671833875
0.37911099521507
0.46945927579901
0.384595760618878
0.527354721925608
0.541517481044468
0.433740278316001
0.501142417237864
0.44398234767265
0.498669489777834
0.507754835359623
0.380974287632684
0.388427984524208
0.465802927120196
0.540731606378972
0.386893652883509
0.427859379797579
0.580222539821341
0.501864269409988
0.446569898406033
0.323288133426144
0.456200964840259
0.437074795209679
0.37086868626918
0.345418051298743
0.542273454622665
0.439326583975214
0.464862268560616
0.45627763023107
0.366996451904156
0.438373672227812
0.547177451568004
0.534399117585169
0.431021124517063
0.358835563236285
0.447422486020906
0.484409568533421
0.464793720091056
0.361972604950505
0.461196149691225
0.414612189557593
0.476878054499885
0.451365247527749
0.383966506410817
0.43406313771395
0.436896555866887
0.328178008683634
0.536948417596871
0.492830119868294
0.555614772945347
0.396508927160741
0.514926664623283
0.518720193953605
0.38315299345493
0.439868805272577
0.428804357298382
0.353100434021568
0.450317239516145
0.395388426505048
0.506268988444462
0.427661713904979
0.471362847531957
0.407629248563839
0.546222113229485
0.478634967039747
0.397930529966402
0.419342352676264
0.547682304223154
0.462819208760297
0.529698154829769
0.347018931216389
0.404995559996364
0.455523164184136
0.460662503249006
0.393758567083
0.606686692349579
0.387395670553985
0.509005102488343
0.450652767129642
0.494444779527611
0.455771302771551
0.500743827060804
0.449141007314701
0.490831609959094
0.480967546176062
0.459325138566278
0.453731728509988
0.321769327790245
0.473675470655597
0.42580320372016
0.39493540681032
0.403677015950824
0.349585978629015
0.423286233715025
0.409777415676846
0.545606637812922
0.591772047489916
0.408775671447408
0.576453224726087
0.501689671854227
0.541971365512547
0.469315906309905
0.422034041338457
0.50573763701963
0.402455580874918
0.538694901212616
0.466867136404336
0.393520792692197
0.413200169153504
0.353653651183971
0.362291499788447
0.459880514477492
0.527429924627807
0.498054189015557
0.504819813847913
0.582496150728913
0.448807848231606
0.440270421330921
0.423359288142452
0.372333495767777
0.456130520150477
0.488230541745336
0.549778418733577
0.589962196612492
0.351101903623988
0.426850260603494
0.501037257454173
0.38162553500352
0.460873214813326
0.50439042671918
0.473001586390698
0.565598023274681
0.42828696593913
0.403817906440031
0.43333808602924
0.395557002585179
0.400797143073268
0.400837054923329
0.358544225129235
0.381562267309038
0.410888251034957
0.337505319158168
0.423054849827976
0.469423689203465
0.32120043931731
0.442260692939522
0.354623922497109
0.607555939866325
0.489469031613754
0.322934566819355
0.404619333892416
0.446594338262408
0.38186543716571
0.438562380402166
0.406614988468192
0.447294205261121
0.563268643662816
0.607111748182583
0.32557081492228
0.420516346808919
0.429424794954854
0.330693262624318
0.38058977706739
0.478351270571855
0.528697614338492
0.412076556852446
0.553781507176814
0.415244139604184
0.513810768536105
0.505263015849159
0.489526867980601
0.56793369789388
0.411980948310804
0.490296941103548
0.334750700055421
0.375827289033277
0.462063947858445
0.447786834505941
0.635729230474534
0.440317875719906
0.549966273586625
0.476615270823897
0.466474576636335
0.555699367141312
0.458621086123474
0.332014267775769
0.379966125686399
0.411094118623939
0.462197087926573
0.478913893742001
0.45212104623155
0.534157172061095
0.484430798757909
0.468017744608994
0.370836271628867
0.472378457226781
0.453734877477743
0.460989115452658
0.317018504156916
0.355032866500153
0.407356941762598
0.486480460739799
0.472754528076457
0.497677997143427
0.578838360197586
0.37018104386752
0.415801404539649
0.465601210638337
0.551379796916035
0.342282949617357
0.432583118427048
0.473410795773164
0.58289889647835
0.538073093541329
0.542930514384395
0.529017649311783
0.608730395786673
0.489254930853526
0.476204706482409
0.466230355649869
0.430521647318029
0.478042051567221
0.367227530292234
0.536590833118729
0.409909948402769
0.470331959226742
0.414084857948162
0.367878840157215
0.45360607811569
0.380748220896158
0.427177584115725
0.422288683743997
0.438711327537821
0.442061793452782
0.601059090060356
0.447042701340567
0.303698269845713
0.443054397365837
0.498501688839828
0.321546784603701
0.595274097438256
0.537980270880449
0.524520518045963
0.332956561011192
0.629314524925027
0.600097808021978
0.36540857679382
0.404049472840695
0.373826380155206
0.470568886301179
0.361485744998773
0.46610454790915
0.334552784002371
0.418199265725218
0.354130789309241
0.424719876571326
0.473347087538711
0.328254278674759
0.50553671063269
0.38841682247104
0.532339114863678
0.478538985432269
0.50938578320699
0.524003134554295
0.36662502974797
0.490662353971982
0.475090643591043
0.384875826239035
0.41797094031083
0.428628064471937
0.45890187531846
0.489146316082998
0.491913269651958
0.45629339006208
0.515316263267358
0.578246277092742
0.571410666923204
0.338308723468882
0.412903131185532
0.414906186748606
0.436031796186066
0.55222810082761
0.488032006732097
0.540264301801168
0.34911156517421
0.465315545640309
0.389701424390124
0.604220139423626
0.448006078691319
0.566220086871799
0.461310663341622
0.516160886581543
0.414329786956663
0.421483326993212
0.387624141548482
0.462340389334267
0.522373718869304
0.444174101062467
0.418428487015192
0.324861997145787
0.496457839751016
0.434523657557589
0.445940425406663
0.493647131615519
0.407101016051479
0.491012242896166
0.421952960819258
0.338542048756862
0.339132228829868
0.385884023086397
0.576710600623945
0.411584966516526
0.438276696131518
0.440092470057918
0.617505761594785
0.59651352511773
0.477625043653089
0.347999773143999
0.42076419855009
0.415507298609089
0.425295447611963
0.404142763386279
0.418653293641287
0.474347428202728
0.48395542460502
0.468542388677034
0.391746761739991
0.604715927447689
0.395538992045575
0.497199724316144
0.381158068662179
0.311952772888382
0.393415564494933
0.290519508662174
0.537852656415117
0.341027906881567
0.486565753825971
0.512590596077819
0.494608259608694
0.417730917215033
0.373965250310294
0.404373874840547
0.493128868864285
0.481846016514678
0.608589676954154
0.521644544520717
0.407591134555995
0.421238681013077
0.652486103340902
0.393250240828129
0.471748759369103
0.503516639696266
0.452267724998454
0.505755341496352
0.491986587765549
0.316821110269822
0.473041884604764
0.433552405658174
0.456818021849834
0.453021210954227
0.458796374363571
0.421278764994399
0.466975630706594
0.460336594838533
0.526940039158852
0.38885826837069
0.467293932834965
0.488099432922611
0.431539646409151
0.371454443191314
0.371341842082615
0.440014289574279
0.40755531446264
0.331324905435802
0.46345712908027
0.523092326333741
0.394278428551697
0.397630175708068
0.486853839875489
0.301125068272769
0.515078805937566
0.440976269325853
0.322470204046853
0.411054529437343
0.399132180023276
0.457718188829116
0.53760263958175
0.425318292093453
0.568147411927903
0.551450026203829
0.442802003578749
0.358643313246022
0.313987857301054
0.537988100791509
0.343002524650802
0.334997649201402
0.603186267936114
0.409652497563905
0.414945143723443
0.440930066882951
0.46683849485778
0.362069578707214
0.600614106627562
0.474073522051967
0.454578403146426
0.51503171785994
0.471723988127093
0.362339375345609
0.404628709478883
0.449985469835697
0.492023687436433
0.345493514983365
0.507576623461787
0.449769891306484
0.327736494736723
0.437897868917642
0.458159756001303
0.545280001513086
0.542179991973058
0.448393968213584
0.426725421263646
0.472084970568931
0.421057148822954
0.408722515249032
0.303374530442586
0.507553537722794
0.343204617780223
0.420213959737525
0.541711259585177
0.427979414565076
0.500261906086736
0.3807235349356
0.578628380869064
0.434389803425833
0.64114122360126
0.315497004238474
0.57705253409652
0.552165208350954
0.493370030953005
0.479187602000219
0.416511119558658
0.587156696081766
0.464838117221915
0.411378089516268
0.510785540888851
0.402260682100022
0.533629981658617
0.428647698252009
0.458393769675808
0.531159117978427
0.570232295441551
0.487530738550752
0.516701428293471
0.357152961565379
0.419781229840172
0.411125973949637
0.448810224468221
0.519823316086187
0.306746354100876
0.486752064191527
0.503936526320891
0.425471563987898
0.508837243557818
0.409014214909202
0.588442642427277
0.387923137823756
0.610268003186613
0.456537131200308
0.437048680549148
0.494586440505679
0.382586672865308
0.427884935741966
0.349304946715925
0.53218871271661
0.462875594520915
0.583761504073492
0.556203074493738
0.41996857557078
0.512318698619592
0.439760436835983
0.397328067393352
0.421741415460716
0.430932451283882
0.607203500038562
0.411532991401338
0.511146581234669
0.588374852603277
0.364128802765896
0.448726325711056
0.509143170628789
0.50329770481691
0.457171705695425
0.505804490151547
0.479354837818884
0.463674946267617
0.524745612329718
0.40964302809502
0.444702312834905
0.358893715664138
0.409589962534466
0.298320383555994
0.439300396540668
0.43557421912797
0.552735644052713
0.571928818246175
0.485078412111315
0.468394416036431
0.43982109041874
0.348787361154846
0.561143745801876
0.519004140563211
0.376000757968435
0.421193363529482
0.303719542466191
0.425719150143072
0.61507304220599
0.427631661709634
0.523423017912976
0.342949423938669
0.378670029317093
0.388771799257484
0.470454600065544
0.538095684437311
0.457177972469548
0.499677532773606
0.422037913287334
0.517881847603666
0.478958004379134
0.416956395951719
0.380523577586941
0.508076781857045
0.37191884098862
0.40235964721867
0.453229194881636
0.530102029471796
0.467478717319506
0.398111665894833
0.477750622783055
0.486232537352689
0.398193520115901
0.502522023480778
0.44302398072516
0.520229099676972
0.382086414816191
0.321203842175159
0.473414336159278
0.605592991202035
0.39449367845515
0.357098044188733
0.412023836224609
0.595449861720334
0.536635499333671
0.448772853940126
0.463549054890699
0.341701614238714
0.400043741428246
0.522315119634891
0.542383780993125
0.455090551610798
0.535062354401774
0.392251377211086
0.505900648433384
0.56833560757571
0.435813820197398
0.497846583567553
0.469494734492147
0.616816928312068
0.651357931407626
0.471725985468813
0.513657180767269
0.40602000683507
0.428796176667201
0.423269977877999
0.380325272887284
0.415829045624782
0.454617707267599
0.500054312884805
0.459451448884514
0.446666063609617
0.39771232563118
0.491512884820585
0.560694642871156
0.382119938956589
0.373177289524858
0.446007372550065
0.402152248654468
0.366747990008387
0.346440499019082
0.398111062168129
0.476660052347229
0.545642474823027
0.3621563979735
0.451754023635165
0.546648725058207
0.518700786800185
0.505372991157552
0.523661154622149
0.427578379099308
0.385370267273236
0.432848596845955
0.431613506304194
0.429329274926061
0.448553824234715
0.542013166121791
0.412097705389035
0.506736321207375
0.397039654790791
0.312303821849012
0.49224815285614
0.528473840332323
0.489329177771265
0.457694089033399
0.390564780652914
0.491137342586411
0.478022012204651
0.461231162355817
0.468080492999876
0.424189883058084
0.538673956898434
0.467726916832521
0.489833469115738
0.500100024411483
0.574175695339707
0.556718359223813
0.31283679741627
0.46363747658795
0.438264198696037
0.515870844825153
0.382016698057434
0.486216159800579
0.541479126454785
0.360993356096047
0.455243489039504
0.487915739047535
0.513354948814742
0.557725411319886
0.611444050965992
0.498086698211224
0.400784049213635
0.539555761076633
0.438634901821077
0.571594790445396
0.69834240178245
0.363339248338292
0.352646619874095
0.529123038230563
0.419394860559017
0.550949505331698
0.42259376628069
0.376816491388586
0.409452435565768
0.483960095937251
0.504893013416989
0.523614137284277
0.424571908316013
0.519248013006489
0.482889533387379
0.389293575743784
0.481419759062808
0.567991752780009
0.462048353206006
0.399751001859121
0.52475873639785
0.590670958096398
0.340263719434532
0.43074053798762
0.332100137732345
0.50161992814864
0.422229747247161
0.366222926970773
0.486317514957941
0.438943512809058
0.393625975682949
0.504171880656137
0.451368731791272
0.345112277092421
0.435115662124392
0.349482447860723
0.467102940603259
0.493034374774728
0.480186392992949
0.373239142671274
0.52186634352899
0.421255833941856
0.417193584637123
0.506230642477339
0.382170690088962
0.395038206322399
0.344922740077226
0.374444386057467
0.591089644948032
0.494761379034539
0.488254015492932
0.426336571506803
0.473270357383277
0.562093829755761
0.389581106122231
0.448899659383098
0.402964064272423
0.573860422681892
0.467560714369759
0.368840648179015
0.364641011143659
0.55696589109955
0.52069455740741
0.582038475943998
0.375409230601631
0.488489519818828
0.398976633199769
0.518119703476601
0.472008202226788
0.33476038857915
0.442438677524687
0.469729916480865
0.369329620087682
0.556000681674688
0.536730757889978
0.365743370507354
0.427189350781042
0.446263140322683
0.478354509130138
0.477696786423726
0.395143800099798
0.453001780144894
0.390044261953731
0.433841266020328
0.428747222634065
0.56218028882456
0.570724522411483
0.40306630098812
0.541383149465022
0.475653459935186
0.438048243175497
0.395915039295804
0.377490860765338
0.466779215558958
0.367085563115097
0.454681244847326
0.395914616859529
0.570222581023214
0.474622458332162
0.495695712480489
0.39355561650475
0.469009808787936
0.4317738519823
0.439794213885471
0.410336178890409
0.429594650696169
0.538289312021408
0.516623002968833
0.376191686338673
0.388204115119625
0.394171741095535
0.519788894444763
0.502684303626948
0.369744107870807
0.407826278374863
0.368947806364048
0.31487971283577
0.431567949315158
0.585935084855761
0.474561485194939
0.425887117748657
0.417411428462265
0.422684093296616
0.425383800857621
0.317023392833314
0.386619837418082
0.515130649407587
0.358407331900147
0.438665559638909
0.383415686346049
0.643828563106405
0.409078322157821
0.459623288658012
0.408907842028057
0.589896916457441
0.425418255917817
0.499410032486405
0.478519363230349
0.430800418381531
0.388378055751412
0.520313141973111
0.501255309626331
0.471365352113607
0.552584462097446
0.47877648878378
0.442034485525931
0.584833647789601
0.574544352876888
0.378668638030222
0.458981655697002
0.533745936222573
0.523448455306799
0.570567264235563
0.357266086832684
0.360395473758158
0.440023826127474
0.362651186351171
0.36378192425003
0.434004135027076
0.406720317964694
0.573687001097274
0.643737591753872
0.52677504769896
0.483539907604108
0.316178121517123
0.4316620509702
0.530734236120329
0.35111328294027
0.424739540052042
0.455362595699908
0.410723804676213
0.383331186546004
0.523222884715313
0.383270726559904
0.427757470202319
0.635342919116625
0.467114193910581
0.472608754447355
0.411678826240984
0.421845639649464
0.568934964604764
0.517672231892096
0.390578239699151
0.33716172704186
0.490735318089118
0.477527093797129
0.508509734671697
0.324788920916168
0.336197652097086
0.505772114445918
0.53668377098656
0.37363738601605
0.420440269509321
0.386737014711745
0.482291460844878
0.467384857687149
0.441526812944983
0.508003944988692
0.504678548862702
0.434381760442828
0.434361844335134
0.623188782077885
0.379820743499276
0.460282023817181
0.593671107702279
0.583728813223501
0.378456830517367
0.429170490665602
0.557042953582618
0.40417571659948
0.544370641347309
0.399128084200478
0.453320236780519
0.410508216383994
0.392083888724444
0.508961457099871
0.450721381479359
0.396335409147086
0.417154237890515
0.497124642904527
0.399291101170278
0.413317814561399
0.51916857245097
0.40622526922107
0.531234454820941
0.56116450005872
0.370395607948325
0.476102178862544
0.415881604776025
0.358720318088282
0.514352479223164
0.431320294340868
0.572168666300852
0.374310674617345
0.381297388375318
0.662747483270737
0.297488012451579
0.464093164998184
0.420406195498133
0.437902694685069
0.405832256491888
0.451841070516426
0.411491120302591
0.363012624458887
0.381273005936551
0.359399617437561
0.616517247841217
0.406355479642873
0.435385289532218
0.363297470801726
0.357079719934657
0.459921758776719
0.413844215169965
0.591136951534757
0.534180282570467
0.419303235147509
0.451429677994982
0.367088964381228
0.329699503028712
0.327812708371572
0.453682384929927
0.354560242333938
0.392772269687297
0.374126159202166
0.408513662289996
0.478188548090519
0.421611224891461
0.409149221794814
0.470869183062822
0.336618073834654
0.445043588860105
0.563840099540756
0.602214803864126
0.475389711785261
0.525958746651093
0.513452981991675
0.561224317270863
0.533024496158795
0.505759947989629
0.449922193034756
0.459433454009249
0.51767512637272
0.524282373878805
0.555647325633353
0.425405492616803
0.520002373733617
0.43675186831207
0.487664383051583
0.557145961166416
0.613240645796523
0.561973405877501
0.45741164844037
0.522423871329153
0.467959307417314
0.425180786768373
0.459173188276968
0.49006210159936
0.575895966566338
0.581510556096035
0.45353310833251
0.367921879448716
0.307115974681221
0.503732685708729
0.493376178283623
0.339186974004543
0.474663307431663
0.53150376061454
0.447970271657729
0.439996722450723
0.535430010806471
0.42299984744216
0.397619542496467
0.451113322953629
0.494498763495706
0.430015094653431
0.50723496722475
0.517525283171959
0.554893437324152
0.531063488611626
0.396672353260725
0.496833408166809
0.451237116877632
0.374311928083432
0.406579641153044
0.356729625243649
0.477656228146559
0.625589337748457
0.523361893139067
0.390170731127872
0.525213625897014
0.343590039840514
0.335848584813569
0.530143573772415
0.471116987053137
0.451790070148427
0.421758880801485
0.44630991222231
0.38706920507246
0.556033750476506
0.401322210130852
0.480983419826906
0.498976013756174
0.595070299738061
0.398653588054694
0.469628830261149
0.397357743328992
0.490095050414252
0.372935697325658
0.403452193732183
0.487109485124431
0.383920438058935
0.452486314459858
0.546529421827502
0.443406370114489
0.480790758829637
0.449309976223654
0.531164661369252
0.36483150854927
0.532333754964181
0.312613470276712
0.356742296657616
0.33193871808361
0.496927497300825
0.623822107497797
0.4169030414095
0.358699721690536
0.422980414517928
0.357453328315633
0.501181202683599
0.398842069067316
0.442170512734717
0.448804848812696
0.383916361522267
0.343649088421664
0.593314931956686
0.451303972074246
0.465892101099956
0.31759457978635
0.578240743318302
0.409878965556457
0.552671755810939
0.328177479111455
0.456988113895355
0.325277236734234
0.619039132047093
0.423633024478478
0.527516792011554
0.47577309598079
0.456514640777768
0.436866758269331
0.451867332986948
0.467894363016034
0.466439813776762
0.396545685193833
0.458753399870801
0.416188218189495
0.449322778665256
0.427373483309198
0.474199796564913
0.414116024886721
0.354479491950236
0.608095503018763
0.624474646681489
0.354790963060384
0.394494076042665
0.482960287547761
0.421487068538215
0.386914936052974
0.518335880932925
0.387490162762311
0.419393114730055
0.447496382602724
0.359693496109534
0.699844767079952
0.37924755177169
0.410339042402868
0.457937703600313
0.52960643584901
0.340743269248705
0.381069121514725
0.507578876117331
0.422957411688909
0.422765113427198
0.479291559375859
0.50033700482511
0.472875191117946
0.466472709657702
0.337471601167111
0.487315808251923
0.358089271596074
0.420028354730566
0.434171153480694
0.385592117389954
0.494307231146771
0.351358779846416
0.453423125220049
0.396012346957644
0.589909107487713
0.455703229075785
0.523464215520299
0.573022074801832
0.499845995679054
0.458009409572708
0.368202757837244
0.45371705434979
0.335228245123008
0.518292590165716
0.580211614161669
0.41341926725126
0.420966319098087
0.583106652400539
0.548471384776932
0.3987315671801
0.449873954347242
0.617978414238062
0.474317092236532
0.398152981242034
0.68335440305721
0.400027895258926
0.393668889760813
0.495675922533376
0.53315260098793
0.409472665776647
0.344553284779228
0.444844920591203
0.438654220320681
0.385429650335045
0.464695755288998
0.421066446778287
0.521006248046203
0.466811118081006
0.518106705669405
0.57060440178468
0.433663888898396
0.57519235932258
0.379400872253048
0.427324802247144
0.417130433326146
0.389943286520609
0.515011083363354
0.534097788237792
0.348482650899469
0.422879123483853
0.49060241293627
0.469477689383631
0.389645721020384
0.431222771072717
0.456623884702959
0.394821177380255
0.63806216732593
0.338837660869209
0.452066459609969
0.500087200012696
0.325224663313153
0.512938358413164
0.347401567796542
0.423356448191714
0.4325366503146
0.339385439765528
0.365319037821049
0.481196701364829
0.433575247561959
0.38132359714265
0.439811505265557
0.376475173210192
0.485351761176144
0.541500423092412
0.442295728301542
0.584785480792809
0.414930198284156
0.365888817667908
0.520376228245604
0.365899096298243
0.505727032191087
0.362504485540923
0.426711660983444
0.454982013600494
0.469267447058372
0.378764057950324
0.43664234560087
0.355998026965963
0.464380828206373
0.524413904273003
0.388710132368214
0.486902870887404
0.496601441724872
0.519547162741309
0.441854561590123
0.422860650903668
0.558317818993444
0.306733588114238
0.467841416669902
0.360415885811537
0.423966880914226
0.433227965164438
0.432467427843083
0.434625325851136
0.341889101762959
0.566590576761999
0.363344746512447
0.533742877828079
0.438606027263838
0.368829547686255
0.440137096609221
0.590079543266443
0.339260812397723
0.439001284300528
0.479468926072655
0.493307632071079
0.422023879768051
0.354123510111762
0.544388067370328
0.539605221156854
0.543685858347782
0.53097281234555
0.629738609238053
0.413026879144711
0.344805910760959
0.486656406583548
0.369936759461139
0.423367311392495
0.462675741475834
0.401002889224887
0.434749328826445
0.570303182927013
0.47249958060686
0.51473544529257
0.511959350496648
0.423617067987072
0.396957342078713
0.444945411896505
0.408041227693472
0.464900903260287
0.422452631335502
0.470388957149052
0.367314154196025
0.447730523128626
0.330093548643346
0.476454725060072
0.433222070788587
0.465648378285461
0.537375239108662
0.547677688026203
0.56866921982995
0.436559815334511
0.388171767756162
0.368203974853412
0.399226684082797
0.470542801329482
0.381132402485325
0.424948068197893
0.344192543415771
0.416141663484166
0.572856085826644
0.398236454746193
0.452286627284144
0.432520232930997
0.558961735623031
0.556241821955201
0.493015005819796
0.444577467597124
0.343762819908053
0.461176463399542
0.507332123234226
0.392864552313581
0.51311347670817
0.404534297895046
0.465920665209007
0.442173363443351
0.391496161955363
0.44420081568679
0.376939376307148
0.540750381096556
0.417803774013652
0.667860730858395
0.290993584148431
0.3378859946783
0.506281996388828
0.388584504426359
0.492488206118608
0.323991036878841
0.420227996981395
0.446494843266511
0.460797274460484
0.480620229997985
0.40052234211947
0.598922362521721
0.487566228482727
0.395521131638877
0.412938656566853
0.423430055878554
0.559112448237121
0.372025533778207
0.528072249216787
0.46065865440756
0.434533272976682
0.417538726882266
0.393146513086205
0.436976230259321
0.5376816792203
0.440149800478892
0.430096049508192
0.52565172966238
0.446838293416997
0.47276177515391
0.485805531147054
0.5050607453975
0.58280545180222
0.426610757972228
0.476936270030092
0.613191147675306
0.512627763622906
0.629386415938896
0.499294338825781
0.500925831260434
0.477899657190594
0.591286247370522
0.375076222728773
0.341641099179509
0.295162227378392
0.514994853521003
0.308478702188614
0.453218220195623
0.47026036618325
0.366251656070924
0.343142361526461
0.538699004020174
0.384670558191079
0.422228204958335
0.432727415626734
0.510439349337132
0.5069047182596
0.512271140127764
0.377376234885248
0.44056419586729
0.462648174473505
0.540257916789216
0.484341087954162
0.450866891154314
0.419478026987798
0.354398415759067
0.468671504417014
0.353649191296915
0.508342333127525
0.52339668445869
0.528800327118259
0.517248750709251
0.467934142888757
0.625891831015785
0.431656313824354
0.505832853879404
0.531227850205685
0.329460837549102
0.432268316732386
0.403557813951564
0.500805848795722
0.51267409469787
0.421396305213309
0.387553647583454
0.372337345455806
0.368299703263187
0.504407707722748
0.609860093796308
0.404325785747527
0.575975120380391
0.390369316002889
0.387625950185212
0.522095939975545
0.496608052482424
0.451707066382158
0.549551558441072
0.541205865991249
0.527916420105384
0.343865472299524
0.394953716084018
0.458185707236448
0.388301944841495
0.425653991846649
0.461001022452576
0.257164720172014
0.326291122780189
0.547644184540102
0.432807162702497
0.589845969555179
0.345289402607948
0.412631613670071
0.442261637524937
0.482857721089383
0.5855511741871
0.368858112149316
0.491161053106027
0.386724997410916
0.422064483546235
0.382725808819861
0.511147926326154
0.487732661965743
0.415593219280525
0.352924943191998
0.460452414890057
0.418893663056519
0.395179764017777
0.480787890065608
0.314592565107356
0.397444609839227
0.623822609268264
0.372731137660867
0.603234308411293
0.548120144838527
0.35785747058116
0.397531743071018
0.475708721507294
0.632159097881762
0.412660652994202
0.51047208724426
0.389414097462731
0.59483588041244
0.648149830048225
0.451650963304622
0.377015199893406
0.425010848500006
0.53233565667624
0.432772304750449
0.513743499810279
0.369524061097107
0.497938292521934
0.425315640746864
0.464839645442896
0.318487693893441
0.524593185470368
0.427276797881169
0.451711662463077
0.446666511988077
0.426428142040403
0.451766093049666
0.522446682295922
0.379716882805106
0.425744525150599
0.453542706291948
0.464011373316215
0.471242034389923
0.611156922680996
0.432576842815664
0.347392222745205
0.453918837172333
0.480800223277024
0.513684106248042
0.411865096688584
0.521146006131163
0.597359694378791
0.436748781540606
0.31313556667198
0.476860205276574
0.365689524662452
0.299674301920718
0.489241273910448
0.343675018011955
0.629516042802996
0.554096450153141
0.378377969318175
0.347573967932654
0.452397717669071
0.516695592657945
0.530066010489427
0.519005515349363
0.406255852982358
0.500334579752397
0.401369972491079
0.493086374895776
0.557403925535967
0.560920779043698
0.494230348111215
0.411638453510982
0.329182256537409
0.539345786401706
0.555561778540788
0.537075166696072
0.378176551223076
0.339529137223078
0.475167860889895
0.360244358089877
0.56055101675583
0.525609721636951
0.467934270759206
0.341730405469827
0.452566792506681
0.485064379617046
0.289539925147422
0.363407840807643
0.52300458404269
0.392176521199865
0.467734875500767
0.389752791892392
0.548551725486475
0.399246837608913
0.320327384213025
0.600535447019229
0.343468368940972
0.354056987565364
0.447391561543841
0.466345186547851
0.417996661019549
0.455460434716793
0.400793668238941
0.506653873034876
0.313183742670179
0.581371057706726
0.503256570342033
0.404635538203807
0.623694206252761
0.569692409368575
0.375600035234727
0.368690977398366
0.348988455131522
0.397234116906883
0.476107201464857
0.488519783115753
0.469708679550821
0.443767524659175
0.357463017475224
0.614302651229114
0.319553040189775
0.609684337652992
0.459854147100912
0.378761109777791
0.505434131130659
0.604314627028465
0.491931977139697
0.488012936500066
0.441330970117906
0.399947019140194
0.453161643436407
0.490343604933036
0.467241210042657
0.387338242460513
0.290493495023193
0.485982301376061
0.309645596791777
0.47475817104613
0.613101609945422
0.524052124947719
0.357975581250443
0.413953836729387
0.445518625452802
0.493974451790967
0.450456897188341
0.470186904070449
0.429254370375319
0.399680836037025
0.503571408346103
0.422395889378732
0.413038470388835
0.316184052373736
0.571541036744722
0.608319824201654
0.470963361795667
0.447009342750284
0.384051443345561
0.462493834624821
0.366957471994632
0.415075979744867
0.484291622966468
0.464634964192033
0.348077903201021
0.425597966298452
0.422121954562335
0.503871543293626
0.57526676802912
0.374468072206834
0.509197171521231
0.532044134405897
0.333718238757854
0.463219139962981
0.457942090562921
0.443178697652358
0.577574740105594
0.471820316208617
0.478742611715027
0.39860540805403
0.491759458578862
0.38591849736413
0.454894330287714
0.684729362251734
0.468173949031304
0.555630019327156
0.547584645504015
0.499097011299106
0.4633352865216
0.321477833305374
0.460334782999112
0.474727026777016
0.36133621212291
0.431423844802465
0.570135788652296
0.456320842970338
0.394659699925802
0.564649268675688
0.389510417097196
0.557878408311586
0.415174965039715
0.725758537737697
0.648153131092172
0.511061022761297
0.651937197829553
0.518942909753962
0.589897464156769
0.500786579382372
0.322032694433247
0.450130312505799
0.443272935219795
0.544645182174256
0.443419946024088
0.474278969475293
0.450623910606446
0.322987557362916
0.546014377367172
0.471886635319235
0.393204108006798
0.613857911882051
0.479277172784686
0.497139504459004
0.556624721911391
0.545984797294458
0.335307203697695
0.349877398708805
0.410390354508498
0.43801675605107
0.451779179757767
0.508048105794104
0.376112576599676
0.373851661341291
0.386781906185568
0.38173249847557
0.419184214991522
0.47760387380305
0.485483589895926
0.378367616264971
0.575989546907607
0.556587026897793
0.532334674463676
0.397157137983395
0.557550745424934
0.307580461328031
0.414750832489119
0.44254048870669
0.39580751804225
0.411477628674269
0.349510939648099
0.40273153094299
0.588586966792308
0.430508088148852
0.495705454530632
0.758269920927152
0.383583889334199
0.4909381512364
0.399047494255905
0.369171744576009
0.500466997153561
0.351336426735032
0.411537881352054
0.447592289999531
0.381536348942535
0.440991907959553
0.391329147278784
0.604709881903562
0.612578901228269
0.3959564233093
0.430468144672067
0.48043900780127
0.478483312974973
0.489921074600625
0.337000904759656
0.526401467373422
0.404602338364556
0.48098494619684
0.353247160286986
0.380365520691445
0.397666132726583
0.390696940364019
0.411062536451294
0.489456955507628
0.656650411329357
0.345970970843014
0.529225450928144
0.414803053239626
0.427906950539628
0.468361293397509
0.484499467246257
0.549510688125195
0.508546307141032
0.556350938696801
0.515464882806019
0.357399216723135
0.742018927994458
0.521427622747144
0.42061994813248
0.442842185280295
0.401013663587397
0.575659420169462
0.5663794257666
0.320856790782886
0.367334703172723
0.529269013180615
0.531197707738223
0.432609990419845
0.461284380273822
0.515900869461497
0.69749421672597
0.455979472826943
0.360213645231914
0.332199040597971
0.539765474504689
0.420717405534885
0.408312964270002
0.387443380120998
0.363894530397519
0.505585442344738
0.583382833451891
0.853007821679637
0.311830181794401
0.374418657168595
0.521616802233037
0.493550719900425
0.314090341675105
0.495575169987825
0.482009001797595
0.504893241492726
0.490321223038456
0.708255612756574
0.417619261526632
0.427406753952764
0.503389653131117
0.436042414363374
0.675424490125363
0.414621087226689
0.319535695297413
0.466733128326831
0.384880245921257
0.729791441576288
0.470477466694497
0.459320251772487
0.359342313165856
0.538802962325013
0.347371840136283
0.430557319280599
0.329648691478599
0.552962078729096
0.584552806394789
0.423219411595087
0.607666128425772
0.483999837165868
0.365159320129643
0.371923669102659
0.442571132868368
0.345538228208023
0.586223877168594
0.455770437178018
0.3927735900461
0.525450788523048
0.412797054963549
0.398772012511611
0.444165860924165
0.469428547809016
0.351746787868048
0.387340937054264
0.583951666152959
0.420084251253377
0.364298089861663
0.568541384704369
0.32462601255211
0.368117290829025
0.415132839508739
0.437398536018658
0.400206806135684
0.474445820307353
0.362041996675789
0.452507692747354
0.4358353459408
0.355439238474917
0.490589218652019
0.347705619071397
0.300988862061315
0.444563201007357
0.716542069404578
0.387167370136479
0.515363342595291
0.386483360923875
0.59093092790227
0.448662140009947
0.3690392544127
0.429235650426886
0.554658098417581
0.44220223288897
0.380355836144445
0.286605786601931
0.525884287166906
0.413476057206572
0.402671477196713
0.449076277886332
0.393463669774035
0.402962041196485
0.340217604414723
0.562218578268497
0.367197977118137
0.370409811022952
0.343357714854978
0.515649060160863
0.546532700224323
0.48861007575567
0.442499218688365
0.55991792296348
0.393856416057164
0.464737953332862
0.366082085881873
0.378243402109509
0.439749114338796
0.370282097843556
0.353380039370456
0.448506671462173
0.531436342652548
0.518787674441755
0.605057428353805
0.515566139820396
0.475138174269829
0.494597683258278
0.500352425209045
0.424070821441388
0.616118260680312
0.376145168593907
0.42447534942603
0.610738108603246
0.426611722954576
0.398755259606315
0.38989183808251
0.421810393643349
0.662005355702012
0.356764817599807
0.539442852496679
0.404313698736417
0.39299510692707
0.416329035449213
0.436145370147545
0.425552834374125
0.293364461977887
0.418136323574398
0.444238084796977
0.488717045504886
0.472520268887878
0.480316825909968
0.419027623947429
0.451716310458132
0.53912888861698
0.506013957177338
0.415933922367344
0.426711665548353
0.430040071558522
0.508761386091634
0.66478204895425
0.387108806227875
0.480017712905837
0.511267001567013
0.43086369491973
0.379106179173072
0.574312410627653
0.375925956385224
0.539028711306854
0.539732656928042
0.479396902856067
0.749230305702906
0.367920875131138
0.443504118801263
0.415507548468736
0.630535812734385
0.533687602771578
0.544388415831552
0.53146881849207
0.487847704673665
0.49472309728891
0.521723343297337
0.502699263476367
0.643758898871429
0.360350985652905
0.387620796657895
0.538021705959507
0.333632857237667
0.394119245191679
0.451252695595309
0.403683662044639
0.505800964771143
0.442967553221941
0.584431541213735
0.47573367943529
0.504232841779647
0.549584714878474
0.572087283571289
0.452531080729245
0.350375465638257
0.441919668442866
0.642355017044242
0.366831000026716
0.476641162805713
0.510684678421786
0.41702983464752
0.308202981882104
0.405321034599895
0.353952839976133
0.466504874389094
0.473335355083621
0.413479508324168
0.561731662403254
0.417874196539922
0.494327097258126
0.591796269800391
0.37186633507571
0.563929007970746
0.445428700161248
0.496716455732756
0.703962155795437
0.387481556870932
0.494571840325801
0.522041349738508
0.313935004016857
0.577268066343518
0.542653823160097
0.525221771850984
0.59417073775814
0.504917832448215
0.311491021655059
0.490732161675972
0.494309215678718
0.541216164196162
0.43211337604168
0.371290468832169
0.298361678785477
0.473426157401635
0.488485753264231
0.422711556412654
0.374630769135362
0.393776494606021
0.428099756579242
0.463042779863817
0.54940194482041
0.567202636473627
0.491807212671701
0.450971783085149
0.356420760103204
0.593140777634708
0.367746775941683
0.415745347791361
0.710983724110957
0.488700498660711
0.556093834607063
0.43111736935467
0.485591810807395
0.472887117221954
0.476387114432145
0.385600892180478
0.415675622938223
0.676100965057313
0.465185734535441
0.620791574972933
0.352149760130811
0.538143914544074
0.422111242017091
0.346908771684887
0.548523119100136
0.445726125887427
0.357624673975345
0.418197435883801
0.447972004636299
0.530426206168801
0.346260946350029
0.428693047085396
0.437747612891512
0.434202675003929
0.471903695393378
0.602810383614017
0.465901781406584
0.367378180472605
0.397687550322286
0.353708522119097
0.438351308701441
0.42658725973914
0.466831981164264
0.425371715687406
0.34627225410504
0.502903846641255
0.443746433951041
0.385952518596199
0.322110117794494
0.416467798838008
0.499672391236709
0.313459323414755
0.613712498690314
0.402664217241943
0.551660835970428
0.459221168775109
0.476329827230164
0.431904012038655
0.391959801305221
0.469098293174258
0.298950006590696
0.408482416398699
0.444445085569037
0.613512196045822
0.470516164122963
0.321383095376818
0.51922167638105
0.562320783708199
0.349472888039447
0.321995735771405
0.600523338892531
0.453348172867311
0.284902574537497
0.522012571997257
0.318659987560418
0.405890282554445
0.445509383017473
0.443525582612164
0.36232676787299
0.392825833180656
0.561554977297244
0.544489343861678
0.427083831896631
0.537812392297949
0.316022112912533
0.431712133637641
0.409577222453956
0.452515774475217
0.514936210417432
0.341366241964188
0.697350845345954
0.461523568783616
0.403828642590041
0.622989911276347
0.50429903020824
0.516126430567325
0.454425723723437
0.672464377226513
0.61948154850549
0.420376136930952
0.401755150480093
0.282003514420191
0.490502454407219
0.296984211332662
0.480396469556771
0.452927613186409
0.470565396328851
0.426288959436544
0.571831743514068
0.391152408562731
0.405523045905598
0.500777381271176
0.337205685060815
0.396380814013051
0.275180200680753
0.393097309989988
0.476509826412759
0.484694038190688
0.408720647910572
0.507160700177265
0.507443899945739
0.3881623337045
0.346769378671246
0.422643321979436
0.658536045425685
0.363411536496572
0.330901772006055
0.379467565348771
0.62974840956535
0.471575934080461
0.488750759194666
0.319382701537639
0.668688597511977
0.40249828410865
0.538237487791674
0.427043675722095
0.4995121432003
0.483590200984252
0.458133322134571
0.384726031599702
0.490483889875158
0.339189855931798
0.508794502135535
0.542372939299467
0.373559953664208
0.411870456613692
0.570651003010492
0.508898145967597
0.585078999924463
0.600158731340573
0.546919487850773
0.361782553187628
0.529869177611218
0.404128639301365
0.418564882823063
0.395791199612452
0.286803638160432
0.384745083775485
0.49828611962866
0.417383343085153
0.352650015849353
0.472556210721283
0.699292946593279
0.367837558310724
0.588094154471874
0.401353691565389
0.453155488905623
0.459941940629837
0.493180890898555
0.344300764864558
0.431963851667924
0.388874751492791
0.40845894654491
0.390155250707087
0.5753714583611
0.570512250130504
0.28821711585772
0.337475498109151
0.354267173841951
0.39248001348363
0.517146212435002
0.509414655450635
0.395428338047641
0.487995012685448
0.567936149296997
0.413299087838518
0.474501802814211
0.441117078980905
0.405420148775461
0.469773521690454
0.42977962424828
0.509181107315125
0.335909798067321
0.558546452666636
0.274177243248704
0.476581363696007
0.505474555309232
0.423722087201621
0.364062172160721
0.487881416287929
0.577991842927881
0.55031131931628
0.507512501830257
0.365267467008215
0.407308822718117
0.389907464980992
0.682464242242326
0.424283821971848
0.360749564441004
0.280539277221285
0.550627800269819
0.549354507551278
0.437893412243365
0.487595964935692
0.483143384680217
0.442126507520857
0.42518468640489
0.458204517427277
0.430296421285403
0.503531497902041
0.382586045448785
0.354592279046969
0.395466534502233
0.55660377172193
0.405325570526021
0.486664324998032
0.640851258092966
0.464401582127719
0.284025013521498
0.514445573529794
0.500092157968512
0.545155809904509
0.323054801516606
0.617046868158695
0.514861520080351
0.385524581511819
0.629650125443975
0.465911785906837
0.32841081473999
0.522005753585276
0.357295759378484
0.594433272723382
0.432955324163372
0.53143514005356
0.325013207590105
0.470710221086265
0.398711245141424
0.383746913554703
0.609612001566726
0.284336279504519
0.567229214810868
0.542335627541416
0.326004752207613
0.492055805843434
0.450123565639157
0.50308802309756
0.444431853378158
0.487839226972238
0.345841931950566
0.29269191846071
0.55993075925118
0.42506350852014
0.41772511564523
0.383276470625596
0.426536687714433
0.479859840769233
0.312839996377482
0.452606386147271
0.526778566334717
0.516044284723267
0.523405215373784
0.309955624997537
0.289177792304343
0.425735951995025
0.398511633162206
0.486762828127831
0.377064846067379
0.368882674149974
0.388700064930763
0.405692548603952
0.380629546875231
0.454122213841843
0.466257779137839
0.370493615710893
0.538912791467245
0.445543110782146
0.433549136059736
0.565903438986801
0.430897481507548
0.443456697778436
0.355236349067167
0.58259627715173
0.453096235953873
0.576435653607361
0.66615640150669
0.517958514033072
0.544694393296125
0.485100800001388
0.306854329213773
0.414821801209045
0.401611065736638
0.365453685634303
0.549066775347818
0.387298959183643
0.335311806582594
0.564263455375922
0.641709994999833
0.51470029994476
0.505956911255865
0.507784389730935
0.518880724910814
0.655473477079843
0.639108929031029
0.504273907323123
0.690317735927221
0.443603354033887
0.548222486203462
0.602179830329985
0.476584239192477
0.354293023598686
0.512894708995469
0.46328736884223
0.591598748682593
0.398475508998537
0.397979365506519
0.434700344104769
0.350720390692517
0.464268595423075
0.542169459818584
0.419615973035559
0.449824128977135
0.543335029049292
0.626026996447567
0.428064028833381
0.631383294246972
0.334879151063822
0.542475432988284
0.602363232240395
0.552436008430946
0.419675233363871
0.573622267164161
0.389176304276662
0.72007648746125
0.46413966702812
0.587325815727995
0.380592656917616
0.572938992094821
0.518797486737531
0.350907681498137
0.472851408682463
0.549883669292438
0.461677350628181
0.386249816330853
0.364246770557663
0.474291024317506
0.649065094759697
0.470507555454466
0.420674230241723
0.314605293388428
0.310969965137494
0.349513400098518
0.413976048506884
0.427163919068303
0.47499598787668
0.458630457020559
0.703407861437436
0.75721406846206
0.432022613896221
0.499577461326671
0.528479647203404
0.377899991384786
0.594990379961146
0.395879148992737
0.52126687925113
0.434225427485726
0.381066545309587
0.416055893227084
0.432371868364951
0.341740211802587
0.269152175032711
0.62740829326311
0.664815062185761
0.468739969132674
0.505306194444541
0.493194151415682
0.370762101990794
0.409011191217607
0.372970981714648
0.434552106131474
0.550386494007346
0.38462751793955
0.420141528303768
0.363002521282838
0.367926677530295
0.444276549045276
0.608576718023627
0.632727773844698
0.442512303955552
0.361001955585803
0.578691809648854
0.351959696305335
0.526830510327541
0.433245129638532
0.469539676684037
0.466923136298894
0.401226154554615
0.530179005686363
0.499209604258878
0.282830367353019
0.620618204411297
0.502102216303892
0.521574716048275
0.35665490258674
0.517845065417027
0.379765127670815
0.575462030642364
0.423421794753751
0.4521269812715
0.453117609908598
0.613927234461092
0.47017213460234
0.459127345079997
0.50331862189791
0.295228218818163
0.476956349923724
0.436422339401026
0.473597402506208
0.58523753679897
0.580121106975328
0.370330185598546
0.449577355275933
0.45409915064575
0.321916158077068
0.409695739175214
0.363014695771459
0.327254702175314
0.422273348186886
0.621389661630269
0.646354950892176
0.442581913256122
0.501922031461269
0.315895781473741
0.395851698586707
0.537943533626197
0.494196751458984
0.339701570773706
0.53667692169863
0.415507496293264
0.504511778025874
0.299178966192321
0.340530893544436
0.453063240724094
0.679964080066124
0.49538768229688
0.565975687705093
0.32955869714146
0.460138884195757
0.473706414510844
0.330444337177368
0.550076299156674
0.487101089547162
0.505440542266957
0.489659387363303
0.472046007300617
0.336312229852077
0.623230709986127
0.480927766774777
0.441753608256192
0.635744151358084
0.60301082259816
0.586894880133949
0.580378460168829
0.341402571335278
0.41101410255975
0.468332999440378
0.403809572037595
0.499866801297643
0.472711837949509
0.434832952936397
0.505382003956682
0.488845461144402
0.531364844554789
0.407678642636041
0.450077425902863
0.452875354803043
0.362659213310237
0.516543423617476
0.735506749255178
0.433348533503502
0.436650043046515
0.295486035243755
0.393439282794802
0.521922642575129
0.615069617033982
0.262155805670922
0.505665501552006
0.25290567532441
0.301234899772778
0.542377393932055
0.439110928571178
0.513015402714552
0.454365760574958
0.440977885744861
0.513204137157754
0.469159064514415
0.488169324415472
0.506629927405199
0.389913272052332
0.47126883565674
0.700102754725235
0.571280921915683
0.558544927508145
0.443423873992853
0.395268153157855
0.471187661982234
0.304925347267727
0.633097632452548
0.418147703788135
0.438359140718615
1
0.332906983673066
0.327650745351907
0.535638113327123
0.259305268520391
0.509022540640141
0.516357349764074
0.413526633696701
0.477241401438237
0.595110810568181
0.527153587207597
0.511253103707419
0.603499134731668
0.767232018784308
0.343092100274085
0.550826607156232
0.470880651794359
0.44839050633962
0.587389645507566
0.35409929895358
0.566648029879208
0.583160731678223
0.497134966609392
0.398949905153944
0.41236495986192
0.469009061882108
0.660980740658539
0.334745848962047
0.469970920916829
0.337783847120987
0.293754370046327
0.35842413112935
0.457794640855897
0.691247521937363
0.396777099848526
0.560380534203345
0.474703854219161
0.532087150984781
0.357875741182084
0.458514205200528
0.494330149432176
0.321243960643532
0.483639307569705
0.361530556274195
0.533051152826332
0.638388275962519
0.319661840497457
0.40086696335679
0.502922631838796
0.231545168125242
0.554799673862997
0.479102889104402
0.522066782021304
0.480909682683076
0.540693307687615
0.3662890431659
0.554997924093196
0.454059611223939
0.379699298007735
0.470810363464352
0.446559598290696
0.505132128354693
0.347204866941898
0.508905569542722
0.370418936746031
0.418622099836225
0.427611577410543
0.350883082197104
0.482755741221913
0.278667024023903
0.395473778807211
0.433105211308463
0.580290322831125
0.569099942372975
0.342409356499182
0.417664749289665
0.410237200478251
0.404919399880744
0.240456009438163
0.359337909824701
0.406397597730468
0.418684016322662
0.665951422150054
0.405967965183584
0.585059950333493
0.428186307454115
0.492746094011526
0.430392540732272
0.421760555485359
0.622730589139638
0.43960459132957
0.456411138670663
0.419620343540835
0.441301176146928
0.484631559954228
0.675552488531038
0.526154967085027
0.41256383263189
0.439420696442454
0.434003713337698
0.677579133648765
0.44190136291053
0.469383160986919
0.325407391769734
0.347983774952496
0.453327644695544
0.422779553664471
0.533007470176963
0.368582472838421
0.499495201841943
0.367641343418196
0.6261626804492
0.625602869807075
0.383558548801095
0.350524525377313
0.473528850264003
0.562337710604109
0.463829309722524
0.374644966603941
0.547982258301365
0.490968755163091
0.503096247348882
0.52929408199355
0.37113284832419
0.32452321700777
0.590558732939506
0.50251817093394
0.431364819719658
0.500984472833242
0.462355139656938
0.57010182163078
0.534555400913007
0.440900141520066
0.415962082940214
0.458800999720754
0.383846535651518
0.519687508545817
0.454152180076345
0.63008361701414
0.349200284076353
0.343275553771257
0.365816742924433
0.412936434387133
0.532947984540379
0.481078090190618
0.300094439769763
1
0.501722740513131
0.574051160514704
0.301437125351474
0.405392821862069
0.448621276067152
0.599599555083625
0.514797719381492
0.610308957015335
0.480774577233742
0.646589542157496
0.393887367022895
0.378842861437598
0.357128135980406
0.35180496142996
0.473298720461674
0.578120592593207
0.381296097975507
0.661823486981668
0.407260057288232
0.273897507649654
0.31718760076294
0.483665890401941
0.371878927109704
0.490797367316694
0.344391425743829
0.48165129017796
0.410959716456244
0.364667267382096
0.379380733656932
0.311973068781666
0.434330560532928
0.652279741601227
0.470510106382006
0.509343497139472
0.561338683966763
0.470580932059254
0.427281537200882
0.441368839167936
0.358413472034421
0.449862979138501
0.56067603013869
0.567963962720354
0.390649447715809
0.210775849272704
0.491902665021782
0.355200306781005
0.341050900418579
0.365606194043885
0.518860647515823
0.696048018805318
0.544434092065268
0.257976846391525
0.394997522590127
0.478717176638017
0.516610937776075
0.486941134607222
0.675188827439887
0.296192345859371
0.391836252562029
0.388285321074707
0.600063640282338
0.459721701845922
0.386026751208102
0.455747264092066
0.491806103348807
0.462207127085549
0.448857795007567
0.41900527726219
0.363296256943302
0.401755118657693
0.532441057648907
0.436631108197394
0.534992863354468
0.632993174043327
0.494127434842628
0.432819367952452
0.506603853808911
0.483615365875291
0.685305746142378
0.491914114240173
0.275318301218694
0.353053057966457
0.539636392956333
0.419871243918448
0.451074975498372
0.444647279103182
0.453635869027885
0.44620337217783
0.425871294782364
0.387591340839283
0.565383833956695
0.456337998233188
0.612707217882906
0.540239577371272
0.543194596379754
0.477530233775696
0.751221975865165
0.423099623160034
0.351106061116201
0.461944668573065
0.489317314879774
0.326759849686008
0.400328786656926
0.532254340174742
0.444387903936301
0.429991333943727
0.666064238904235
0.472686873449217
0.52766589578887
0.535003161272382
0.429966282203002
0.334125052751452
0.365597644247856
0.609442193114808
0.45414530581201
0.283515924964183
0.478013918627753
0.325820915962151
0.251281632463487
0.496380440262208
0.372319052614833
0.374674828066273
0.352829248455141
0.366153168039313
0.61941286310363
0.386876330534377
0.49028011662705
0.271240326444691
0.44295293649839
0.371169837299547
0.674871172482098
0.39002139408067
0.530413255242517
0.387841741027175
0.615639009353472
0.38509242987321
0.293934712456392
0.58850266247587
0.5329107918115
0.510723276798505
0.475622936459865
0.70193917782488
0.506246533232003
0.614018032588657
0.561849661026619
0.362053328118038
0.348132277218242
0.595893526940444
0.657629565998308
0.529717167826573
0.623523120937297
0.444714362879742
0.575524711439203
0.400207549980049
0.298144489961727
0.338171442720028
0.601329128164986
0.524000168526651
0.436678304777961
0.465889669951747
0.587247729390805
0.51957260278985
0.502710406473227
0.569574660121099
0.52283699949926
0.39267642258976
0.420444227959771
0.371342810154201
0.354276627260479
0.410433600696016
0.448022437146155
0.570058258912095
0.562603222683143
0.42672438346577
0.550365888608143
0.729910909835419
0.543870482741236
0.411753207658679
0.56749106197999
0.280101297147753
0.397651825179548
0.290925054090393
0.428378242471446
0.321658177924319
0.415122043648421
0.428266299763746
0.400316243670781
0.508458245471791
0.43185582606227
0.409200375508692
0.559532690894763
0.476846440461303
0.431130199501941
0.423299968051127
0.616849716751511
0.440029249929395
0.670952730487769
0.617904900546537
0.516251246330116
0.464391845665266
0.720063011191735
0.453043685023686
0.630327020691911
0.374345235784743
0.465701575830745
0.483592066416022
0.423475013483755
0.474826112238302
0.447193714664634
0.686936721170193
0.429354955279432
0.356244233178441
0.42710567483426
0.484930055710332
0.340856137262976
0.400547897689324
0.418131692130903
0.501566360875898
0.421443690096522
0.49386867078764
0.505302356417592
0.612067687904962
0.731898311819185
0.373395519931804
0.65506984630189
0.261255284440947
0.58355733232373
0.443686955862252
0.375956165845299
0.581830853815089
0.50836843086818
0.523676065308818
0.335281337529294
0.374621312290151
0.34418006975371
0.398067962376007
0.388866472487008
0.424817221483605
0.466603150174947
0.422269539466336
0.299011340669195
0.433369777536417
0.421078178891328
0.363628976409357
0.402481774716878
0.327636168351496
0.433613397589384
0.54028014327756
0.597998320783078
0.511421609870082
0.467882450449693
0.417826654329748
0.640642156677918
0.622729307265434
0.384431480598606
0.490495155130953
0.639542600593598
0.545921869045594
0.481863895273402
0.352502218019477
0.419092368682666
0.630356539207903
0.301070464033552
0.619210317943326
0.750798001521932
0.60723842308946
0.380370767313078
0.483372894625933
0.745942913460395
0.491968910774551
0.550350073446681
0.44474488227904
0.606621328296386
0.373496708614577
0.491233183803214
0.339672017535976
0.323285944097824
0.398700156612284
0.371826528859505
0.415269143919479
0.502788772469137
0.720525973344567
0.433728711432155
0.331639033710058
0.317059643021983
0.61625324962132
0.38714865237459
0.460555491003862
0.513233854186871
0.448284911212925
0.54639996063662
0.620674826308785
0.387865489889456
0.364959534110194
0.235715228778333
0.433190720295503
0.32619655202334
0.451604516943243
0.472214136435853
0.427487958148195
0.35999663565243
0.366826241991599
0.420835997756507
0.546387218447163
0.533375974868456
0.426239435096342
0.665757038076768
0.331725172043215
0.556228993493384
0.358206212223308
0.471051672609511
0.444159184305777
0.355238358634857
0.509367047445583
0.387660634683167
0.645376216356709
0.57667879223845
0.418254119454689
0.299643333668192
0.217434512756957
0.459154922735128
0.314528993711615
0.23299689282727
0.734099299857976
0.482060247843322
0.476707887723561
0.512316143575745
0.254740052566063
0.3859460169841
0.433774567149349
0.305872875348387
0.52247058515061
0.302754937975187
0.584144585299987
0.564345736921323
0.439409183841247
0.502923297216924
0.410214678020415
0.374505045705738
0.462293890707482
0.399521128957576
0.4468302855137
0.353545041050916
0.401346244815269
0.439990582209224
0.661276279042552
0.609001826786485
0.363901930486901
0.598147135677511
0.361608056246292
0.376584740980314
0.378082554549876
0.48987813817906
0.441667913584631
0.491915072645629
0.732809008623514
0.527725776394855
0.445520495808284
0.465110029231469
0.567674642290531
0.482778234391711
0.304028029469265
0.455106002000811
0.356839050072465
0.335717034420256
0.708449186153467
0.269193242238755
0.507590026485721
0.413456861570165
0.709662460851721
0.362701713777195
0.582410253028189
0.551164233025766
0.404675608791864
0.410347599953926
0.459510816059294
0.744877406625064
0.536201423214174
0.553120249769961
0.473173247759016
0.391832236016187
0.631705914213819
0.487669695726193
0.363202760707111
0.540974011310172
0.418974943993053
0.517028716041356
0.419690214406447
0.547402507562818
0.473161140701446
0.382144501833123
0.497119519334284
0.46132450288407
0.436490398015821
0.513499479528546
0.492154251059918
0.483369140643178
0.338433907949414
0.391000235684443
0.539625577513481
0.354391817300646
0.496345423064637
0.66895000047802
0.376909678250247
0.463588726113412
0.478273915016604
0.398202197474549
0.357501207701811
0.257656838355453
0.323832046526478
0.431334429975462
0.404118792667521
0.354512874478309
0.578137948015572
0.230175999497783
0.504903619651686
0.635914234304182
0.566963098185932
0.475270815187602
0.5698883875665
0.282427344894664
0.409988526892203
0.415934958115934
0.434698850869292
0.520358055109864
0.322735278462776
0.502898577592626
0.354386863036445
0.472349191559998
0.526000822086086
0.5776838830684
0.440105371485429
0.31866666446593
0.345984223464433
0.38803439504938
0.470348884009985
0.443226894664936
0.503887260504026
0.553855777086128
0.715326093029319
0.264688652540271
0.374199113417255
0.385740560585128
0.278655873289954
0.517363844113078
0.348338546411456
0.484032974458567
0.445665617012636
0.59964705435433
0.370090695742345
0.406052660848316
0.331404977842714
0.430941265657008
0.860744772621685
0.517947761938863
0.594515539305257
0.462364299382301
0.45053665351386
0.396340638066693
0.675948002497803
0.439215661615744
0.378994504178898
0.442405052625408
0.542311660136944
0.400665073609018
0.363201320553257
0.337603892326316
0.416896752374615
0.339672046611604
0.517369191764168
0.520433078044494
0.499756894120428
0.370065804876257
0.445177988183948
0.399174841044369
0.529432757720381
0.412483310356007
0.337794492376555
0.535628369606806
0.319386831050216
0.519347338221952
0.484985200246972
0.380037899984966
0.580744657887614
0.446741747707297
0.572188848739493
0.372483736196093
0.500157397589087
0.469576817037223
0.446467872989307
0.625853751406572
0.504449662422474
0.39676981574477
0.444159184305777
0.666695039524336
0.354163479194456
0.516218182750555
0.319612526466962
0.49050070573463
0.420695426300706
0.296476466668408
0.485233040218349
0.369273996759137
0.464948936804754
0.556071678347069
0.396529455502255
0.504689604636
0.494471807102935
0.308893494162109
0.485269476908774
0.517862034014075
0.524136068243889
0.355815791674794
0.570686382925624
0.330443437127088
0.523542438691649
0.681699948924266
0.339091694669634
0.566528605956837
0.594117003596705
0.480056307259307
0.701518676521211
0.395237862514371
0.587601402644365
0.405452328829021
0.49880145566158
0.688712789884838
0.363761756262929
0.40767228004392
0.447501951417194
1
0.591808731621362
0.399803366886373
0.426528218912628
0.437485151731194
0.535338405933677
0.351356769067426
0.369326728142104
0.530498049665596
0.538800652220024
0.380520551705223
0.371445517853022
0.528564004866828
0.561092672734982
0.509358621087761
0.588029764572949
0.369666014314515
0.74714650559242
0.423032455117537
0.390464550160825
0.683994655957728
0.661641833081169
0.389880908812125
0.297369180040763
0.482680738343615
0.510992803088366
0.355873631155665
0.463316455070244
0.445374555378487
0.488350692926194
0.488574941239828
0.437521898910772
0.347202047100415
0.409482173703987
0.416612509548629
0.492631272986672
0.484742663545536
0.736306027520263
0.239911077501845
0.488080394842112
0.466411839731334
0.492581127990852
0.269314920747859
0.487275991977755
0.472272306042965
0.34109350300333
0.407248112638052
0.47280812099072
0.326537275840276
0.323001923620108
0.424494254222363
0.454344686738976
0.552601035302601
0.410022716369127
0.489004322127145
0.444766748401493
0.403697281564721
0.343074315512932
0.344681703926955
0.532211767979173
0.482662073030642
0.50392398318007
0.488261041271497
0.599363883470052
0.325369527325473
0.385970502087111
0.35006187754973
0.398858915634981
0.591642061914884
0.440974310192925
0.424473597405138
0.255081581058642
0.533705357532385
0.281696234895192
0.479948727882929
0.413637269423084
0.481833324368795
0.498710332137446
0.695088407396799
0.555210254408671
0.540959008627076
0.428468624672147
0.48953433834276
0.349169925072255
0.485924863299443
0.303176696058702
0.489116939223461
0.268298797101122
0.35247966805903
0.493204327477973
0.332388293869224
0.557272053222033
0.33724081266011
0.353123882478702
0.584889042027254
0.493776939736339
0.624200971782276
0.518830571329836
0.443666420181133
0.581443252503867
0.621121234398058
0.449320987190122
0.385379928081423
0.420323559781241
1
0.520433824667993
0.623311535529332
0.400821018339342
0.728667525158618
0.338102010728295
0.389643297315049
0.447350010912311
0.458822651595073
0.577509129767987
0.561062919935685
0.668161448184857
0.325796792266679
0.749962221765682
0.471095401822075
0.379676148626348
0.431174629640693
0.374469459265475
0.564373941669528
0.501749416618979
0.533040787338827
0.604324813366286
0.373550268734603
0.473254834734049
0.34996739317797
0.516004450749299
0.523073541383561
0.414020543703842
0.635386207995453
0.412066340198258
0.298775321017725
0.720515005464046
0.414310838202115
0.42321218482453
0.310928086119579
0.640578469767105
0.590861645172384
0.414253265552692
0.785146128099404
0.781982750472907
0.408230859656475
0.374642188885442
0.439582162258431
0.324765854089919
0.47546085011584
0.493629549808873
0.482020456897933
0.539801593408493
0.477228303136458
0.300057760789368
0.452272155117381
0.428795632952635
0.573471990489166
0.404796799252107
0.423525688664612
0.457215901315088
0.751294689306945
0.62579991075465
0.533811443689627
0.285255460949505
0.478071623068384
0.384363493776946
0.543766767173802
0.406261879200166
0.386448688811028
0.463456982356531
0.494346307805075
0.557800262981577
0.399612800401446
0.458682266265524
0.432838875732822
0.598185761530351
0.280670246321455
0.450714920517448
0.567128497796595
0.437159491118081
0.558932976114996
0.335994455397526
0.696918460427318
0.5575931126166
0.525495990327502
0.5259902159928
0.355743442514778
0.525342316309258
0.413989849168297
0.401789179586889
0.464663029844294
0.452231143039171
0.423271601669455
0.499806410556467
0.373781528711024
0.507102118668158
0.481743222178956
0.343586725697899
0.305804800852549
0.495906710266095
0.515227330539805
0.462451562599784
0.367100298865439
0.495822670700771
0.571251192018383
0.452829309709854
0.373014273654393
0.599982478869256
0.453114908151128
0.515782544419617
0.61796148650568
0.541576756813678
0.485806578404585
0.589505559215628
0.280371369247447
0.353539891867196
0.387513608910953
0.590937243480735
0.347016601305715
0.428443404444277
0.762103862878916
0.367001827638433
0.423876302052808
0.317295944746855
0.745064818197718
0.448019432344192
0.45926586815436
0.424960069043068
0.352924038493742
0.753331170285729
0.391010695487597
0.428298118966369
0.454225595387831
0.33435360563358
0.633585499300823
0.74161518742913
0.517446234855821
0.569764138110458
0.654376220060971
0.33715781501323
0.433978025002455
0.40099866592601
0.430619139864999
0.329407645005043
0.417664829942131
0.43945561116007
0.449967427991764
0.358441472187718
0.284561474946055
0.385115362107344
0.44428822543667
0.644501751783951
0.496619010714342
0.408182327228133
0.427646153195489
0.722385830699119
0.553911131470642
0.329598696521766
0.34942657845172
0.434085006442906
0.458813864202588
0.409641046553131
0.434776877332923
0.434695322290723
0.754012195401214
0.588496224891182
0.513287468999974
0.661203591217341
0.478006031558507
0.497300816566785
0.296722826394411
0.461223374794617
0.324775875137866
0.47251276480843
0.717865386949947
0.441993410784644
0.417867682590454
0.257198174847493
0.440080151599481
0.470214076179371
0.624526575678969
0.335225590792277
0.497750587892677
0.428469635406975
0.643800554555939
0.541226498411645
0.361698457820756
0.47101988709334
0.283799566517511
0.589346546142364
0.444812183008807
0.786894030548478
0.646577588977278
0.601615456430731
0.566528149819245
0.395502999648435
0.341172320444646
0.402463515002653
0.667641407421913
0.471538681865732
0.535922530797233
0.412098603439894
0.314715699455551
0.342070919436914
0.615754002748908
0.280615180499872
0.509471705509707
0.463305029879336
0.860607696227664
0.392356442984257
0.596410400895863
0.470883721002498
0.48291843131504
0.470707754280007
0.708241215585791
0.398855558120556
0.329612864691403
0.668614015232465
0.38982605006158
0.542076327189767
0.49213336949106
0.48612696511541
0.600527506912806
0.4291497658419
0.416894744157164
0.521896314377562
0.610992322908136
0.361590873146056
0.616027797060525
0.25339338196051
0.642198921292348
0.333929014811396
0.389380223695123
0.60150511516953
0.451835849787545
0.730447285431911
0.384100167050202
0.41008379713238
0.556929530956709
0.447127694146738
0.432585216940044
0.5044788557876
0.331469616300022
0.726959604044299
0.482613188255561
1
0.412846090812403
0.301763280468012
0.520466358052546
0.651689914197315
0.494323158839226
0.353518348875039
0.322318713261043
0.374126420468478
0.641611964257527
0.489269326348161
0.589077736648886
0.592160273254136
0.370119070517437
0.356210606150403
0.469873775593982
0.502386612016481
0.455850690246901
0.442653758063162
0.29386234022194
0.650758670783172
0.303557654895855
0.360255278318562
0.43882580427332
0.600435263038445
0.418110943480373
0.395047439698623
0.537840244977931
0.356166862337769
1
0.602100457890784
0.722602849484101
0.608976895939665
0.220168514681638
0.260946510744287
0.601944353510772
0.408569387026495
0.368181365785773
0.398180403530583
0.575480106201772
0.339333824684191
0.427672456563829
0.539375448044313
0.442048579536898
0.672526707987975
0.286213560493827
0.430371166993253
0.537666957779469
0.876947485557188
0.735802339365524
0.597826001312195
0.515664219162958
0.521238271001328
0.420014440733182
0.271534485259776
0.324388146273679
0.49672457379497
0.480957158286159
0.293102501888432
0.407333435327752
0.430691899288324
0.509292747740122
0.387003806436748
0.382477170317458
0.540700733824308
0.542536510324398
0.415495835096069
0.513825582002075
0.432035627317979
0.377182664867726
0.470820621334308
0.466948627568694
0.596348480378188
0.452270254766355
0.540335814639086
0.559674358558109
0.249006231428976
0.357863963829413
0.430481720062439
0.663982124689934
0.764575376510537
0.347795632206993
0.582105569204615
0.426126373374073
0.336806565820484
0.521792938507463
0.294071421567101
0.517399412779463
0.40172359192069
0.493551557102706
0.421006557791592
0.398187450868588
0.546580404161241
0.503188094352854
0.355001079871932
0.394996500077442
0.526523848750115
0.521222768527255
0.575018776900377
0.597438670908912
0.367245631840364
0.366733521459716
0.344665141687221
0.461290713007039
0.487352661101057
0.55569417132785
0.419975006889656
0.664222601939996
0.387366193269141
0.454517140743488
0.398725542315373
0.553423470539228
0.326614246604753
0.475081487185684
0.371044409814208
0.52991740618918
0.427651937986221
0.331212409519755
0.455552629035109
0.373436909649244
0.555049589897554
0.353029933477832
0.725986926624484
0.386803688290948
0.555900934475217
0.317515536878184
0.435071917053887
0.375019559985042
0.215795672968795
0.414372048794911
0.427444403933774
0.56314088728904
0.61101989033651
0.70505017663994
0.580362370427001
0.246074385386586
0.444683394323203
0.466288253507503
0.368960596716773
0.62705504975234
0.40722518651898
0.267715285084149
0.508848017523169
0.426870138046575
0.346066342770183
0.574112318140744
0.427406525795407
0.575340051611418
0.420465259376616
0.70295102405083
0.674482204954727
0.292097101831798
0.446805113503357
0.381368012224449
0.428203603205425
0.426501515623883
0.48516078998884
0.863339008690376
0.560039848643207
0.592448495920129
0.359804049241415
