79424
80052
86144
135565
78367
81635
75394
75261
77434
84625
84101
76495
85774
79721
76413
94161
78895
76017
76794
88677
81654
76967
79430
84379
88406
82117
74056
82761
80461
78029
82967
80350
89102
83061
80137
87685
85978
83837
79863
76073
76396
79965
80005
78603
83049
80466
79994
74567
81361
77857
79031
75018
82435
76938
77125
82385
82747
79494
77170
80699
79934
83266
77854
80423
80808
79523
77787
78899
82115
94659
74289
81782
87808
77994
77901
75870
77772
86623
74656
83524
76828
80347
79897
86328
81705
83085
82492
88838
88425
78655
78119
78630
79052
83932
83357
79084
76866
84370
79605
83635
84611
84914
80841
77260
77793
79201
80237
79626
77455
77990
89070
76877
77850
75180
79975
81461
76843
79055
86056
77636
86001
81864
76700
83484
85828
85777
81007
77131
84294
79577
76623
77118
79253
77657
80127
74849
83923
80946
76366
79606
76836
79441
82937
78818
79828
76712
76858
82488
84887
80446
80636
78751
75496
77159
73227
78480
85688
78669
82901
76322
79800
79169
78546
79317
82867
76987
85849
78068
81785
79681
84799
73268
78953
83034
81621
86992
81619
78631
80199
81169
80355
78483
80023
78566
84975
79758
87985
79729
79079
81448
80943
81585
80147
81594
77886
77267
81875
81416
75776
81012
80421
80280
76910
79369
82672
83602
82107
86924
80714
73882
81669
81135
89979
81885
76707
75795
79236
81616
84050
89509
80151
81915
78319
87604
89035
83338
89005
84947
77613
81051
77876
81846
83048
91569
75401
83488
79825
86941
85128
77720
82248
85981
86456
77987
77141
77785
80052
76636
78911
83539
77457
80109
78849
82022
86690
79589
77328
76998
77717
81965
81421
77306
81057
80752
78981
80146
89033
82048
79940
79988
79966
79771
83401
79493
81250
83853
75386
83438
87961
81331
83550
75644
78262
79144
83749
76506
86876
78259
80417
86263
87218
89574
78537
78540
81542
80238
80274
82177
76223
86927
84510
82192
84909
80134
81440
81767
83792
80566
82701
83252
85419
86508
73562
85243
92855
85437
77218
81233
80036
85120
75276
81671
79896
82054
77338
78796
85680
84581
75905
82223
88508
80747
73778
74748
75060
74712
87821
79013
81062
73898
80901
85293
75371
82593
81941
87073
77554
80807
77708
77160
88570
75572
80498
81271
79044
75638
79841
77384
80410
73477
78741
79356
78718
79726
76182
74946
83574
75082
78638
75037
86450
81971
78310
81470
76271
83837
84470
81760
82635
83555
84592
81898
80716
73969
76350
83158
88082
79541
78199
85023
83457
91741
74322
79207
78103
80609
87727
77574
84855
87796
75572
81961
85394
78826
84752
79942
79054
77583
84039
78964
76595
78956
83370
82841
80846
78559
80271
82311
81306
77028
87593
79752
81297
78842
84158
79134
84828
76057
87809
83100
80180
79490
77568
82532
84855
86537
80438
82091
76724
81186
86598
82340
79674
82458
80355
87542
78412
79836
77117
83296
80784
79158
81509
77769
76089
82898
88078
75257
83073
83637
76856
78452
84927
81738
82567
78100
79674
82970
81774
80574
82971
72913
78636
85546
77806
79736
78490
78754
81786
78622
81316
83717
80942
86723
81804
82958
77317
79536
87022
81315
79732
87354
81668
81831
81077
77799
84479
80320
79236
79911
76565
76788
78188
77924
82696
74409
76352
81201
86427
73896
84286
82642
81807
79953
75230
74172
80619
80683
74760
87169
82106
75956
77247
80961
76200
88357
83125
78087
76520
77682
76727
81973
80366
97956
88601
77326
78755
77129
83946
75316
79180
74456
86560
83309
83535
75971
75671
76973
78033
75046
77356
82812
90371
77902
82489
76739
79502
83783
79014
79114
80977
80704
86269
79239
75210
84554
83152
80407
75717
79110
85717
83492
83629
84060
82692
80403
83555
79768
87952
88636
77142
75103
83691
82199
76915
82304
81682
86125
75351
77331
78135
88412
83037
82218
85052
81579
75430
78734
82334
85031
78300
77767
82273
79848
81112
79195
81341
78137
83620
79219
80199
86247
83964
79741
80028
76950
75420
82723
78605
77419
86015
86567
82218
84849
78886
80609
81986
82748
74599
77210
75587
93119
80436
76553
77132
88766
83385
86443
75291
79844
82548
82577
87242
87224
80004
77447
86738
84495
77943
79335
90543
73984
90020
86528
74916
82959
82013
81623
75815
84446
74049
78210
75161
79287
80321
76029
89047
84044
90039
79865
84047
74569
80942
85785
86004
74149
82129
81254
72659
84955
74646
81492
74658
78514
78124
81781
78120
76027
78641
81427
80296
77725
75072
75178
77039
84581
77578
85131
78535
77617
89793
79364
81037
83215
82989
77257
77133
80034
77287
77761
80594
83347
81073
89389
78223
83228
75248
83743
88250
88089
86561
75938
85906
85586
75508
87695
78203
90669
77215
81853
83323
77928
83415
82433
77350
72937
78642
82576
76222
80405
79729
73350
78075
73426
76864
74541
82181
79621
80437
80114
84992
81324
73691
76047
83177
78026
77998
76354
79805
76326
83117
80688
74936
79781
84187
75898
77351
80964
85994
74938
85318
77042
75479
78045
74321
82411
75689
83035
81580
76967
84723
82911
88185
82470
86947
78064
88012
83691
80892
79904
76695
78593
74254
79826
89560
88902
80579
84126
86320
80646
76812
82323
81212
78454
75285
80639
85040
84019
82946
79354
79382
78351
88220
84014
75804
91419
76001
76854
80819
74311
77320
79657
79498
83091
81160
80224
85715
78465
81706
79994
82741
78531
187565
85343
82124
76910
83870
77163
79599
88237
78767
84470
76330
77782
82665
89352
77103
86414
81522
81116
88004
77756
76613
81127
78975
79055
78161
82801
75286
87485
85342
76143
81979
81444
76504
75292
79910
80093
86083
80005
87456
89537
81244
82787
79815
79887
75437
78915
91193
76090
80935
79490
83524
86554
73039
83811
89809
78012
83276
74606
82586
78739
89211
80879
85235
82647
76760
79067
81524
87320
78838
87051
83770
78128
84315
79842
87703
78268
88767
80601
84384
81790
78295
78011
78794
84167
78490
82059
82089
78383
79417
80528
78850
82043
95906
76819
88371
73145
80421
82164
78087
80638
84052
76307
82513
82586
76702
81760
81757
76443
75821
81960
86139
77358
89729
80522
78546
80240
81304
83568
80219
78914
91291
81979
79496
83216
82985
88202
82392
78011
84961
87147
76968
74974
77936
75300
76975
83501
89130
82186
88143
82899
76322
85836
86395
83662
78867
83028
81127
83405
76635
82862
83721
79930
85125
89173
78990
81892
86564
81833
81249
81004
83026
93276
88573
82786
84600
84644
77537
87576
84282
75425
76805
85770
72034
83739
80343
75386
85212
81031
84977
75834
82095
80944
88079
78874
87234
76790
88766
77972
85210
77618
78260
78912
77037
85984
79609
80431
79618
73556
81051
88655
80472
84751
87709
78949
87883
87498
80507
80165
83646
79361
82405
83018
83810
79147
86201
82744
82794
81142
86631
77113
74771
75004
79760
79467
74271
82401
84024
80496
79814
79251
91044
80663
90647
76039
85987
80384
77735
80015
82460
74015
73591
79231
89193
76001
77237
84575
86314
79652
85810
78749
79318
87787
76030
80996
76573
75505
85893
81353
80377
76162
75950
86398
76351
82843
82957
81887
90048
80127
78877
76428
87220
73405
80574
82267
83955
85158
76556
73681
84265
91418
78769
78031
78214
78231
76435
80429
84908
89624
83914
77637
79532
78136
79082
82364
76416
82592
90010
86283
85130
82863
88503
79992
78393
85917
80250
91801
83556
77024
82821
75988
76165
75085
77907
78498
82692
72841
80998
79838
84969
76945
84858
78653
86517
80753
75418
78890
80382
79024
87239
82792
71962
95369
79322
77649
82737
83118
74558
84420
84213
81031
82769
80547
85692
74207
77728
78823
77014
78727
86264
80875
88495
76427
88025
85324
80900
84921
92272
81864
79235
79511
86147
85832
76844
78680
81412
77501
81983
84430
85294
85781
82914
82116
77966
84952
81684
77249
80207
86473
75416
93150
84143
83133
81599
83187
78383
74368
85350
80409
75269
77106
77081
81945
79742
78549
79688
78822
79194
81526
77383
90527
77259
80538
75246
80456
75650
78677
83477
80076
82163
78349
78406
78012
82209
75702
78285
82022
80235
83841
73577
79696
79922
80966
78614
89664
79556
82689
81249
77597
87302
81127
84729
82737
96456
79684
77961
80990
78705
80414
76351
84333
80988
82967
79452
80357
86897
77993
72275
75134
79545
83754
82583
84836
86325
84168
79858
76127
83443
78842
83476
84050
76891
78064
84005
77760
75671
86809
86133
79084
88519
82766
78877
85307
77130
79688
80428
86437
77938
77276
77836
74406
81408
77006
85996
79090
79996
75250
75748
91571
78205
87351
78695
74723
80751
84065
80380
77862
76188
78687
71898
85472
90287
79274
79580
85223
86580
83281
83835
81691
74579
80728
80957
87236
80002
83049
79116
87917
90559
82106
78896
82453
80673
78558
93865
81255
88496
79553
82789
89879
80437
76665
90343
83532
84127
78596
79964
74367
89045
82195
74640
83872
77704
89238
72103
83240
78977
78942
83196
77992
84511
84464
79541
81306
79766
79785
82058
80353
75851
81869
80303
76256
84162
91242
84460
77864
76949
78849
79195
78857
78721
89715
77935
80171
80756
81868
75542
88049
88283
81217
72575
77898
82804
82729
76755
82672
79142
79297
79474
76236
77474
77352
76948
81959
80370
89341
76839
86477
86011
78242
81568
81697
79860
77529
84562
81176
85909
81148
78931
90493
80925
74165
81789
87885
78522
83668
78475
86420
81061
84687
74494
95183
78357
87085
80525
83444
78956
79711
81484
84502
84748
76684
80657
75201
80098
74966
75643
78548
74216
77141
76371
85812
88973
76468
85133
82096
88725
81191
76714
81644
77135
90775
82803
77218
74454
77028
75332
82183
85583
80314
81918
91458
78035
76496
79489
83054
79445
82973
86626
87630
76133
81243
81137
77859
79256
84869
79020
86255
74306
72992
78350
77734
79331
74860
78201
74796
78516
75521
76555
82171
75791
77844
83555
88247
79854
74264
75752
81305
82412
77599
79302
80340
88317
88919
79244
79058
79402
75473
82716
81070
85081
83010
88672
80233
84663
80242
82706
86890
75034
84936
78365
75150
81567
87141
93954
81294
82092
84922
81823
90238
82089
79918
76235
80615
81205
80950
80210
85447
82214
80419
72960
75414
75895
82537
75710
74719
77691
80185
82547
78311
86514
75012
78273
76372
87830
77278
77526
77530
92609
88311
85767
84525
93337
82502
82842
84355
82158
84955
79041
84231
73806
81913
84434
77844
80976
77620
88909
84454
79971
79520
84058
78623
71811
81051
92667
77181
94382
84902
85935
75085
91328
88978
79794
76179
74424
78482
73419
85165
79175
77572
76496
80144
78359
75203
81939
74427
86085
80878
88558
84623
77260
84983
84608
82938
80949
82377
79456
81287
83544
79280
85772
86360
86854
79785
81144
81122
77998
88570
85991
84672
74560
80267
78317
87954
79290
84522
76688
86843
79560
76291
75919
79481
82789
77634
75967
79340
80396
78073
76613
85387
74927
83707
76770
72287
75331
75236
91581
84925
78040
77671
91718
89061
75665
74010
81342
73787
79526
75354
78033
85735
84890
78615
77174
90667
75256
84001
78145
75667
76613
71740
85036
77068
79892
81169
83862
73634
75270
74826
84623
86802
95139
84500
74796
75987
89323
80065
81285
83059
76956
81368
86059
72972
78378
86969
83398
82028
81346
76448
82012
81488
84464
76089
83823
79594
83226
74809
74659
78998
77668
74669
81374
85151
78153
76205
80235
76597
86942
77902
82673
86550
76261
78125
89736
88203
92028
85973
78426
79619
81143
84326
78173
76404
88369
80135
75910
80475
83719
76272
96584
78109
81051
84772
83266
73764
80126
79741
84274
78271
86049
80250
76941
77838
77467
91596
87769
82008
75834
83753
79739
79584
76564
80724
80212
78931
84976
73615
78845
73641
92794
78330
89991
76432
86571
84603
77068
79511
78559
89733
80477
78751
82353
77531
84875
80020
80115
83371
86346
83992
84728
80312
78885
80586
83898
88255
76663
84038
83088
79566
78742
77224
91589
77576
91825
82898
83694
84605
78947
74977
74878
87448
78597
93673
89271
78721
80812
77100
83738
78560
78353
96284
79509
80213
95114
75890
90871
87029
82787
76740
80613
78751
78209
84904
81702
84344
83121
77914
72908
79919
79987
88011
85927
77643
78631
77405
72527
89027
84563
78883
84719
83888
75783
88608
78268
85012
76981
73462
82491
82393
84220
79786
83327
81348
85790
83811
76162
84151
83732
75549
76820
80526
82133
81584
75274
84989
82976
79348
85832
80413
86309
73222
73818
84951
89977
75817
82863
75392
85650
84518
82382
80434
77245
71524
87731
86032
80010
87687
79372
82354
84716
77798
82427
81591
90066
95577
79535
83480
80541
79831
80595
75514
75473
75486
82535
76542
78449
75349
82658
85299
76302
77083
79460
77216
84403
74531
73415
84995
91933
78754
78198
86998
83297
83690
82635
78153
80586
78696
80741
82515
79502
81936
79257
82784
77481
81699
84405
85235
82704
78002
88829
81407
78812
80833
80072
79879
96251
80563
83568
85518
84319
87546
77122
83816
81357
81901
83381
83374
87893
81251
78682
79935
85630
81083
86628
79363
79858
85016
79525
88629
98323
77360
75389
85791
75795
88427
77571
76693
80096
83528
86584
87771
76739
80522
86251
74241
85852
81860
82600
74279
85441
90299
79206
77091
74980
80322
78442
75898
81925
74738
78059
84823
78740
76394
78950
78072
85842
83617
83514
83002
90148
80005
75965
80137
74528
78986
79931
81413
89316
86308
82397
78141
80347
81251
80216
80583
80582
92282
82962
77213
75461
84791
80645
93842
79696
82449
76368
89048
79642
74190
79556
83856
77506
90765
87723
72976
79515
74352
84479
81706
78946
75056
74296
78534
75081
90834
88797
82376
85908
82552
82776
76412
78924
81755
75812
76814
78703
85513
81912
85529
76239
75532
81735
80896
75042
79189
85136
83093
76194
76157
82014
82260
81134
80636
80194
83244
78755
74445
86458
82863
81991
76811
74428
77676
84612
82395
86379
76466
82357
76336
91976
80537
77779
76218
87544
78358
81348
86773
78959
84970
83189
83211
81477
90220
79474
78689
82637
86454
75696
82066
88350
81142
84785
76425
78715
83631
86582
78673
76290
75943
85591
88989
88427
80604
79610
72193
79539
80255
79783
79535
72919
83270
84377
80909
79642
92709
84589
78941
80603
77722
85865
85569
77750
77613
78195
83145
80733
78006
75048
87578
83800
78265
86804
77523
81935
86355
75667
85811
83383
75790
80598
89206
77949
83984
94045
90150
72770
80323
82825
80965
88122
77413
80364
77871
80357
85507
81368
79260
78600
83173
79473
78460
84523
79862
84821
87552
79158
87118
78107
75616
82957
80728
93112
74491
75702
95623
81497
81407
82374
75833
77031
77119
81245
74698
75513
73064
90692
79029
84276
79179
74419
78689
78316
93660
86207
79292
77281
72665
78984
76883
80471
77076
75866
72781
77518
84169
80265
78572
80445
77326
82593
86810
92562
75508
87003
82794
84607
86092
80230
78169
82647
88796
85949
90192
79549
82972
88392
86311
88083
89845
84758
80002
85100
74809
82170
79168
82424
89753
90827
80662
73596
78130
87598
82756
73755
81682
89115
76050
84622
86943
79682
76008
78670
84726
77605
80481
88563
90312
89012
84617
82754
79324
73955
75112
76692
81745
87764
84885
80615
86455
82432
70930
85040
82795
77216
80729
76750
81845
86164
76960
80156
83123
86632
75503
81735
75672
85035
75898
75069
82408
81358
80525
82950
78026
78549
82986
91053
81554
81414
84019
78138
74002
86392
86717
77734
77458
80332
76625
85744
88135
82229
80068
77462
76286
84664
78693
82575
80968
86402
78322
91722
75837
84052
72241
93375
77436
88866
85947
76435
78901
82705
81640
85839
74993
86005
74203
82565
80654
80083
78097
81390
91217
94421
76808
75375
80129
79604
74537
84875
76921
74841
84928
77866
94193
85841
75095
81096
79054
75871
78832
86639
78632
81416
79419
81896
84248
81694
74454
82604
76754
74385
76750
74702
86651
78415
77754
76693
93825
87549
85312
86827
89750
77240
76397
82121
75917
81101
87092
80919
81337
88870
86496
78163
82112
94087
78120
80818
91556
80288
82116
79138
83205
76096
78104
80672
78955
70956
83742
79322
83643
76678
85210
84287
75396
87051
77228
81869
80073
84503
88540
82474
79910
77551
82698
84257
78942
76024
78608
78600
92463
74259
77496
86045
79576
80110
81480
79053
78020
77520
74255
79792
80867
81099
78454
77089
81930
83961
79806
90065
77420
76139
81876
75168
77375
77823
78275
83283
82856
75086
78399
77140
81104
86561
78230
88570
82035
82316
74067
77435
81677
86339
80142
81250
77554
76897
79610
78818
74848
88600
80151
88468
80214
72292
78453
94381
74538
72571
86347
81896
80564
78833
80507
83614
86833
86976
93279
74769
72727
82237
82540
79081
80229
77326
77677
89627
84680
88275
79173
81151
87075
76282
79534
82289
75669
81584
75582
82040
81767
84660
87467
76825
88846
88411
84802
74959
78274
73956
78851
78460
79122
81355
83170
86771
84313
86930
77681
79285
87593
89662
81493
75863
72512
82572
83690
78454
84139
85490
76667
79409
76139
76911
73838
88416
76874
89635
75967
79149
82309
76473
81311
76137
79228
81908
81284
79434
75832
91302
77309
72145
77280
83623
90563
76268
87762
82110
77197
77891
76410
78126
87704
80976
77239
85720
85333
82611
83141
82420
87252
78530
83278
85458
82407
88746
83413
80014
82095
91349
80821
74765
76059
80808
75708
83063
78511
79603
72204
86826
79978
77285
82828
79442
82440
87159
74241
80208
81439
91058
81774
78561
76887
76733
83692
79887
81842
93795
83361
83231
80705
91568
77063
83251
84464
74731
85004
82567
83941
77856
75176
73458
82982
80161
84277
86135
75054
84285
80213
79040
87785
82930
82019
86440
81868
87768
76022
78056
79608
81148
80448
83166
76130
75774
83805
78525
82450
80332
76608
82252
82693
99107
78120
76343
88623
77416
75728
85807
84957
76980
75191
86383
76951
81188
80883
82410
82798
91855
73052
89991
89762
79561
76098
83052
91110
77228
80289
84165
85179
95578
79416
82761
81490
81143
81634
84274
76980
85157
85433
82527
73291
88122
86929
80807
77202
82483
79259
90539
76264
81069
82299
82361
80199
92825
83994
78506
80343
81726
83583
74769
86535
86003
80835
77001
81842
77446
81723
86941
84742
87449
88265
79671
74272
81228
80557
85183
82819
80803
86354
73778
84727
90543
85763
82797
76344
74793
81399
86363
87192
85549
73881
83571
74005
89468
82261
81549
83238
82505
83665
77051
76199
85128
76643
82533
74300
82525
79366
73603
88401
80095
84979
80360
80403
77595
79046
79050
80276
71722
84925
80602
77156
95789
84769
79649
77385
81613
75079
83466
80426
85464
82425
73161
89223
78014
92976
85472
75302
85203
88851
85944
76939
85889
80966
77752
81956
74481
79091
78696
83648
73134
80376
90906
83079
70785
75832
77902
81662
80261
82118
75522
79269
89597
80877
78337
72126
89752
91634
81166
80522
75946
79896
74521
73208
89187
80081
71757
80001
78611
85288
90176
80626
87409
86285
74379
83226
77334
81136
94628
79439
83769
89990
81489
78292
83136
90211
79012
85073
86809
83496
83335
77381
85370
88694
79942
79773
91822
79239
78994
90871
82881
87864
75853
94255
94536
89800
93302
84079
87412
83369
73230
89485
81278
87851
81888
84582
80905
74482
89179
79951
87280
92220
84407
76851
84369
87355
77689
76832
77796
84357
75216
85444
80567
77194
77910
82028
82448
85553
82023
81281
90512
85100
89504
78257
89050
77008
78853
82975
79183
78265
82212
81122
92930
78268
82218
98422
78694
81084
76565
91393
80266
74667
73864
76755
77614
78941
76011
94838
101671
88222
77163
89814
79562
82055
82207
82642
83985
83634
81685
74782
75333
81720
77254
80749
101060
74407
81285
75521
82497
81058
80622
91614
87648
91296
89323
81187
97847
85658
74323
79047
74521
92567
88696
82987
78074
84502
89907
77715
79835
82271
98471
81959
75680
74504
81881
76875
89627
81558
80999
84344
94555
110776
78897
75581
85709
87012
81371
81544
83372
84563
81654
94411
78410
82654
81415
81642
94053
86238
75863
81724
76893
95068
80500
77609
76088
94948
77974
81259
77209
87624
90255
80848
86698
80240
76665
77991
85002
84643
86380
88318
76152
83935
82390
81323
79981
80781
81413
76005
93325
80384
80875
91351
71230
83784
77253
80088
75784
76725
80589
79702
72904
79122
82328
72569
86924
78232
93767
84539
85654
73796
93321
75947
82601
83000
85808
78751
73393
76999
87970
85542
74609
78495
75485
83594
75268
83593
81968
77599
76855
86079
84526
84572
81374
86263
76865
89261
77565
76259
76839
75005
82543
78723
82215
80358
89620
83606
81855
88013
81966
77680
89840
77650
80885
93384
80204
78764
76240
71296
92159
74161
90642
74930
85110
77685
78330
78213
78052
84968
80641
82881
77052
77661
79776
74780
87314
78971
90192
77549
78333
82587
89488
73264
78337
79359
82815
72737
86105
84403
91049
89309
84144
99248
72341
80249
83624
95899
86316
83099
87694
80305
83953
85508
85657
90720
80781
86650
88681
73904
78109
81408
74817
82883
83955
90810
77087
82249
91178
88135
84402
78789
79757
92877
73826
81522
82636
79773
74010
81246
72892
79207
95708
75689
85264
73071
82756
91786
75827
87758
79692
87939
95788
75048
87703
81626
77900
92378
89029
87405
95610
79913
77055
78514
78093
89748
80585
85305
78192
77728
90729
76487
71622
76139
77134
76379
83173
91756
80721
81532
76867
89706
73280
76584
102941
83224
82435
79490
80757
80316
87513
76235
82805
95142
81931
96915
75485
83295
76406
89864
89350
79088
75231
78583
82012
84845
84511
78946
77507
75225
75777
87535
79007
88914
81679
79631
78898
78200
78759
81767
80495
85451
85099
82369
79965
78817
82860
81064
85548
75851
83459
81097
86241
77574
75079
80524
76502
78606
76422
94815
82988
78328
81730
89060
73481
77267
93833
76653
80263
79915
72348
76798
81646
79138
75637
75456
91547
89570
75014
86744
78246
76477
74421
80826
81355
77300
93945
77797
77628
88880
80642
82806
79623
90487
90560
77937
85525
77955
85626
79343
81696
84245
86811
86325
91232
73540
76779
82411
83752
78866
78679
75145
74877
79060
75251
83078
82802
73374
87203
76623
86323
74008
76182
87519
94936
80611
83229
76356
92559
85280
82019
79393
91504
93668
88249
74321
79641
80181
86466
84970
77150
87106
87501
84751
94679
84957
92476
79720
91440
74690
72318
79190
72913
77631
80294
77475
74247
79730
100713
74922
85817
72067
80128
80981
87151
78198
89909
76241
78354
79760
88278
86126
77815
81175
74514
83999
86123
77832
84086
83440
89176
81133
83074
78766
78177
84657
84137
88403
81311
87000
72859
84963
83121
84182
83746
84748
86809
87749
87050
75197
79984
78107
97342
81761
91110
76591
84115
83847
85718
86956
82666
80373
74227
81249
70458
86804
74739
82146
75687
87781
91131
85393
92069
80236
74610
87256
82038
85786
75277
90710
82498
73870
94139
77911
83302
78282
82096
90502
74194
89146
74958
79481
74806
79094
93531
69443
82727
88402
83663
85952
75222
83635
78710
84930
76539
73438
88658
73010
92190
71287
89339
80635
73080
80418
88558
81780
82573
70553
75485
77646
75984
82417
79309
84279
77919
75043
75804
79683
78933
84087
84157
85334
76883
84913
79407
76008
79162
88697
83317
92945
97447
85785
89938
81873
72185
77378
78860
81726
85650
87344
70913
92542
89782
87092
87329
92442
84029
97400
96506
83881
96402
77196
86477
98979
78771
71489
84766
75251
91818
73678
78146
76717
77510
83324
90524
82397
84897
84496
94262
75715
89507
82446
86951
96783
84957
78458
92796
77251
100734
91435
100281
74031
90032
88257
80393
80187
89104
83400
77810
96431
80345
87725
87687
77086
90569
79551
76341
76982
82674
76568
80320
95712
101339
77679
84163
82812
74516
91353
77421
87327
83242
75648
80081
76259
80114
80294
95014
88900
80609
85194
82127
81116
81876
83180
80780
84113
78073
80543
74861
76429
79864
100529
88031
79790
91854
92392
86006
87818
78732
80031
79641
78472
87250
84828
78169
89789
81197
82908
83553
87433
75637
87779
83157
82662
86984
93392
83933
79509
86033
77184
84573
77500
81106
93691
88798
81849
83100
84019
73558
80156
72327
87188
91956
94290
93789
90031
90498
75948
73414
84412
75315
77908
84279
80558
86384
80731
79651
77560
100716
85234
85399
70789
80963
77622
73248
87059
83740
82587
94466
79342
80569
86425
79695
80944
92953
89519
86362
84847
78581
76962
82899
73807
79655
77015
76740
88471
79541
88338
77914
83472
78443
78634
81488
103969
83901
81016
75462
77180
81755
85259
80443
86625
73272
81979
90468
75084
86509
80471
78628
78533
80700
85403
82519
74903
80657
92049
84811
83415
78063
76920
80868
83839
85887
79572
89664
135695
74341
76215
85313
75613
91296
85871
79314
86007
96126
87602
83855
100921
99261
88471
85201
81088
80280
86618
73888
86879
95513
93380
76463
78069
79118
96043
75381
80444
85041
79520
69990
86243
100547
77955
86249
81392
85634
70425
80762
81921
75487
82332
71038
81934
87922
81707
76961
86000
77333
86966
77411
79899
84681
80654
79105
87772
81504
76919
86132
80226
80809
80671
83455
77219
81134
82283
78590
88162
78184
72906
77079
84948
92908
85962
78421
81618
93091
75776
72860
79550
79624
93089
82511
88016
85153
76850
88091
79346
97610
74432
83090
87565
79344
80345
100077
86510
80592
77287
84107
100837
82161
79677
75136
79300
77507
80449
78704
83517
81978
79058
95118
96892
83646
81865
83090
90220
86937
74469
92339
84335
85823
79649
78238
82352
88763
89069
79102
94759
81336
93057
92261
88161
84199
93281
71058
84787
77757
92894
73524
77270
82949
79432
90015
89154
82068
135683
87015
92460
79440
76915
76685
86368
84141
86669
78940
96733
73326
73514
81977
83435
78447
83394
78862
98321
81677
76034
72891
85290
74551
88837
72107
79616
78443
72649
75493
80935
84410
92335
80370
85568
85749
84319
74463
77030
89009
79885
83125
85952
74140
75980
85944
86531
83606
76478
89416
94364
88148
77663
77279
82828
87281
85323
98089
86438
78675
77082
88046
82548
82084
84702
77712
85477
77500
80020
76887
89415
88116
79614
89211
88284
83362
77123
83869
87869
94639
90475
69931
76150
84742
74535
79240
78924
75276
76067
86621
80335
91005
81156
94866
81125
88178
84195
107851
84998
76721
84401
79782
82123
78750
88919
81305
73581
91681
80277
90553
82863
81317
70467
74822
89515
77544
86021
81277
78796
77448
81690
81508
77961
73726
77025
88133
85021
84047
71218
79393
81869
91981
80687
83436
84110
87738
95502
77564
92917
82893
85649
82311
93195
85209
96574
91719
72551
98987
90181
98380
86506
93300
75982
87060
75251
79991
71921
90875
83954
79824
79162
84729
85448
84695
87527
83925
72850
76288
86019
72391
78710
77039
83373
84992
77846
86386
107634
84078
77491
84073
74827
90569
80032
79893
78802
82487
79473
85205
90110
80013
78171
86798
88117
79496
79539
101378
78019
100036
85011
85066
79707
96245
78497
93052
73458
83189
81441
77176
74321
80078
103330
80309
90028
83903
77921
82636
79329
77641
79790
81869
84977
81606
91999
95123
79097
100618
79213
91257
76665
77221
85654
81116
82190
72785
80925
74224
77516
73886
75528
82924
85829
74561
76684
76070
75151
77700
83527
87210
88772
84867
85099
80877
80643
89267
89537
70066
81693
90157
86601
83636
87489
80668
85281
79086
92312
100921
91555
83013
78953
104817
83106
92921
79058
95924
80729
91219
74672
75003
73134
80592
79552
85477
93854
84975
71527
80981
98296
84782
87762
90172
73712
81583
88313
81718
77244
82426
82168
83426
85407
84012
78011
78931
77583
79289
89141
84791
79092
93477
80796
94221
75776
78582
78282
77919
88224
74907
90170
90586
76909
79064
76119
77350
71728
72698
96855
80835
82225
90591
75223
77424
83130
74987
87639
77523
85667
84752
84172
86575
78106
78622
82150
78898
78231
72774
94509
78837
103508
82640
74048
95988
81597
82627
74985
87033
73340
77075
99631
95782
76499
79199
86750
81154
91270
76813
72702
79551
89235
79332
89466
76426
97253
75601
94821
82663
75601
81981
81749
99107
83124
87567
83228
75886
95330
78790
88172
84388
77798
83540
76846
82284
81206
77487
81546
80981
83266
82573
101968
83309
79076
78251
86915
74544
82703
93841
88696
87270
90117
81378
75094
83614
78358
79409
75700
85087
86504
74629
83756
96511
84704
82324
89855
80064
85100
77764
81895
86095
81322
78580
74721
81695
86489
80794
75828
73434
90239
83612
79150
89693
86109
83499
96451
87859
73388
78800
71434
88626
70250
79865
77283
94001
77229
74242
75671
75037
106423
79667
88696
80050
82620
74618
88729
79008
80425
79933
92352
79387
80449
73205
75654
78750
88227
88922
82182
79643
79391
76236
85235
81700
74547
83158
68148
90631
78749
78508
89529
80521
82235
71702
81355
81520
77258
100077
86645
80683
78282
96871
79787
85844
70739
84403
85523
82041
80051
80613
78070
90048
73862
84044
77330
75563
87212
82470
87238
74368
84441
82257
81591
88414
76906
86684
87337
81261
92913
73131
91434
81043
81437
91333
83294
76165
83336
135658
95461
73414
83838
75318
91151
74431
79221
87316
89012
73843
80361
78503
87671
82421
92093
80677
107757
75391
75126
99521
90126
71920
94932
84457
83870
78834
81784
78809
86128
83453
74353
76434
77295
81323
95172
82495
92647
79715
78920
81144
84550
81891
87348
83761
72931
81223
77693
71832
80457
79048
77890
87534
79700
90364
79082
77269
92005
69725
88402
81285
81429
77894
91157
76795
73858
76215
83817
91278
80402
86641
73009
93504
76626
79674
82389
83233
86227
89230
93767
87117
81913
87149
74098
81314
89103
90442
72941
76199
82285
80492
93077
74281
80033
93489
82507
94470
79208
77753
84400
94234
87784
91666
78742
135584
87035
92758
74671
95763
72473
98035
82908
78785
91722
88541
102200
77716
101059
84441
80261
79836
85061
88619
85203
88740
94027
77679
81463
83208
77452
83687
77466
106914
83164
75978
105198
77825
74245
82119
86370
88840
74076
105498
99518
74751
87089
81537
82673
88000
86338
79676
85292
75924
78381
78491
81347
91624
78913
79236
83053
99830
90014
81476
74995
87186
79073
91569
78323
74309
79416
88725
86484
88757
78209
85450
90073
82510
77846
87447
76630
91906
88720
101266
80641
86476
83001
79098
86924
78125
74248
84073
75144
80482
89410
73193
88076
78250
85990
72656
76352
88297
80777
72875
94633
83100
81001
79715
95989
77327
84619
97763
82814
90720
102464
77266
72904
76514
87094
90509
77174
99500
78280
83323
81093
110181
79369
75929
80758
76393
108505
79699
78595
78509
75403
96555
99077
83309
83005
90977
70873
80147
79756
76822
78486
78177
80125
82410
88243
75335
78638
80441
93156
86920
78835
77473
92009
88042
74236
70916
80816
80025
79041
75938
73604
104983
92137
83560
96185
79418
76394
79596
83221
82465
81003
99320
83783
88132
82211
76438
81823
86173
81930
97682
96359
94489
85165
76962
83861
81906
91182
82918
103877
87754
93386
84708
75419
78787
82175
101595
87800
82915
74083
82158
73008
92475
82199
83952
84244
102459
77430
94412
80008
95380
80203
93227
75898
75054
100933
86711
91110
82670
82824
100078
84438
77165
84000
88073
78445
90231
68770
89768
82416
78208
102003
78495
89691
83063
70378
96483
81767
77839
81821
70046
91537
83820
135566
99276
72363
87852
96175
86010
88113
77808
74603
99076
85633
85606
88398
74861
90798
85153
82284
78957
80528
75724
94282
71156
81040
88214
95229
75665
72105
89361
75172
135580
105767
105719
92014
76264
80909
92696
82420
75318
89073
86164
74149
78608
87996
75165
94235
81513
74872
85433
120108
92650
84499
83907
90244
83465
76736
78801
85326
85826
72662
76781
76072
80482
81108
75720
91224
94370
83252
78420
84539
84629
78902
81835
84889
77018
87701
90408
79112
71754
84094
98458
102011
80122
88368
92616
77199
84456
75225
92170
83111
81747
79858
77333
82823
79448
72140
74991
79451
87401
91376
89285
77006
87431
81323
87364
84260
89046
73669
93312
87807
88875
80347
86330
71805
79718
86361
92212
78809
81230
81311
74857
80642
70917
91729
83162
85889
82920
77649
85250
79517
76970
79735
93267
92538
102143
89656
75413
80579
95020
74157
91136
78836
77348
78451
79800
88294
89047
93741
93325
77539
98658
96686
78359
76702
80908
80358
94629
75848
109125
90245
100137
77543
