0.51637740477777
0.33719976632779
0.389438348986737
0.80593622567033
0.481537816761638
0.38162617460197
0.490736319717293
0.440530499770317
0.452769429625276
0.374850438327734
0.394068902553254
0.503080672947569
0.44491832203359
0.437332910759226
0.445683482533321
0.42233016338408
0.45640424839544
0.486148665097665
0.579954338653817
0.519114184906986
0.576353789028814
0.500186766126942
0.37007802138714
0.379945844354597
0.429973732679764
0.506613948641645
0.380621126757471
0.38032579307484
0.481061694330159
0.53151971220763
0.426491560472669
0.47075177968936
0.410195714822084
0.515066557242473
0.512419426597705
0.457893991077089
0.367927556399829
0.423655636683916
0.53055890199733
0.43424098139683
0.523394969891134
0.529759198636568
0.473114745777073
0.50002975946854
0.573291672584288
0.520079232094632
0.366911309261914
0.399532829265714
0.474846920288623
0.546062277062825
0.52255597357465
0.473528827797516
0.461089967207675
0.469266329219635
0.529105078358208
0.554648150221812
0.565488399798869
0.55044512580979
0.384605450397744
0.468689237906143
0.509251496618966
0.407880289130156
0.462012228167817
0.404363985238624
0.515371146037654
0.362879552620552
0.458100562903704
0.471160372377389
0.552704002324726
0.447158586978536
0.412998076646887
0.35608135674793
0.412269426563467
0.413039201860366
0.435312447039305
0.453708421080676
0.445345172087794
0.497118295476243
0.373398280045743
0.585033297032654
0.52635886056632
0.551621209364521
0.360712393447752
0.386220583085158
0.516678482875804
0.548489904885861
0.555100707475035
0.36406244512815
0.412534432470155
0.487466082847116
0.519504534049825
0.453469871484433
0.460206276481708
0.451030726630962
0.50430969442999
0.374741194737612
0.473397666960395
0.416906683312482
0.481980705248666
0.43664074958732
0.609053481944997
0.544452965051447
0.50339072911414
0.524485532380863
0.337725287784732
0.535060459137303
0.407052859952979
0.475989816053271
0.520454478674712
0.457023034301382
0.371000231038921
0.364419526126825
0.416017605770147
0.487416673127437
0.384778044650184
0.409776932454942
0.449118638019717
0.513832395913991
0.391800117637285
0.386634538835331
0.412419399905636
0.374692999706512
0.420923004563038
0.442117032837245
0.383641968043255
0.488054242118057
0.446641342101057
0.454190915491621
0.344515638723279
0.432693214150597
0.502341250166087
0.506430412892597
0.451479466537262
0.443777115349377
0.479610513231404
0.464213824815664
0.520059287059315
0.540020204049578
0.513735008860366
0.387904241256399
0.321030937920948
0.325477812097063
0.368495538493399
0.583744865674431
0.477025377895523
0.458554111693168
0.40095686377528
0.38920982217208
0.439455444269247
0.585277859958567
0.495978134630268
0.517825747196265
0.468857835214373
0.373337948024671
0.429575653082478
0.59377447025735
0.439347312095077
0.336992561342212
0.532279002878613
0.505872838805026
0.376022488459245
0.450558234562175
0.480336316036519
0.582406638585772
0.335026668934773
0.395716525042452
0.438845039618133
0.362579426516533
0.34520404672024
0.405051476841972
0.363626362415817
0.440512528700617
0.526293918030851
0.348709386432093
0.369650543815873
0.4667802890553
0.50055489765635
0.475396061853897
0.49950037759544
0.417450004316045
0.444026715186263
0.616927395159084
0.344519279899694
0.411125375885148
0.537259619733083
0.602526783343492
0.392706556756514
0.314244440666234
0.497365722138747
0.5241829385442
0.486512491061182
0.395348188530286
0.372927979254115
0.604075700359957
0.426001847065765
0.354763650900511
0.56127167957583
0.383209718416671
0.405150836434116
0.563961335645181
0.559636382135488
0.49033796390472
0.540581175237025
0.457795539672826
0.541573189025687
0.374427702005255
0.413545229376866
0.384083297679243
0.350451357473879
0.396265899397618
0.435086987438055
0.555513346589432
0.394521218763912
0.5896158312291
0.498198060374102
0.415285870744501
0.434387041132379
0.444828986033325
0.435715095316947
0.453725534527322
0.482976916945498
0.46242125763734
0.482862239853559
0.463179365192279
0.359380140821029
0.458270956541345
0.485849019083135
0.524295290830027
0.571829474983816
0.568376819805607
0.382135295581899
0.579689033450834
0.440782117167766
0.439995416140761
0.493621549526798
0.535173862043672
0.464332218768119
0.442629588648514
0.463182735832229
0.439438002102898
0.511337646297152
0.383374270127622
0.462314299752228
0.504778465411043
0.519869838268689
0.442700805855294
0.539379888274364
0.589713727415576
0.524490884622511
0.428135231867279
0.499377882975891
0.564106056367643
0.507785190955336
0.480502493305961
0.380599430325985
0.373789139167112
0.412762650099177
0.500895665316445
0.450151148386058
0.597873358161118
0.574822476902598
0.386935551263539
0.422245791705047
0.34245956915406
0.398740848844245
0.415484587994094
0.444744984181621
0.388140512548219
0.472395769431064
0.402516049645281
0.537242954637829
0.367568035162147
0.500802521237996
0.498188077416402
0.374980118169046
0.464399190634788
0.48709271050549
0.39870831230479
0.388799596428522
0.337629688413756
0.510853662791303
0.495702126900616
0.370186189771758
0.441017927103528
0.498592513552268
0.519797940280716
0.372538885214924
0.411537545191205
0.55995376203258
0.491428562520362
0.399113761130859
0.373415980324148
0.565188853640771
0.497429925122052
0.396502959394846
0.515122462502206
0.542374498318514
0.387534703427055
0.438041025492127
0.341295255838997
0.411315710740111
0.545654346808895
0.387655690534077
0.361181666351999
0.540672514763911
0.456013611799433
0.345963254645119
0.591786995178854
0.430940139468305
0.516604208772054
0.468845460054013
0.409804249220348
0.39753665776745
0.416920102457539
0.457564578590403
0.517654340168188
0.450913070640023
0.38894042645412
0.464849271992328
0.479439757886833
0.545550555336216
0.352952883177511
0.417973778927226
0.41936082561673
0.485802232283459
0.556845387180018
0.421927163288113
0.400260045875822
0.42614201234
0.512859490505804
0.567546191368096
0.517906171355711
0.508047671798946
0.425255311397809
0.524671572968355
0.425390900101122
0.459791582549059
0.402343240588435
0.383774895543665
0.391771484287466
0.551791599620294
0.51239718011666
0.477188252975581
0.399411732847392
0.475468866864144
0.365601808091918
0.344844602499337
0.493586134998877
0.519560661861496
0.460115714906937
0.488911963593941
0.484629935108162
0.535738109061507
0.458506140726254
0.421707936290581
0.545971900250273
0.296750270429569
0.469826151004706
0.507587052003351
0.382354741072486
0.499332710567932
0.490632443781569
0.470998251620758
0.494295350414555
0.485747467823029
0.552328345317066
0.362036575356533
0.435256002463643
0.472296569224937
0.466025829314015
0.428829090306752
0.414479522086988
0.466839643281023
0.41831136227025
0.431732435896591
0.598790877445703
0.353660454136892
0.542868024664618
0.470555200428262
0.350418990320539
0.43796957858599
0.436380489792248
0.585968274375044
0.491478257024109
0.492481252249641
0.382726556623779
0.49792716119747
0.376766698968247
0.481088344878702
0.412718773994553
0.448662707861748
0.43468159221674
0.460823021913028
0.36618335594189
0.434779589102587
0.624654816266145
0.436199926812163
0.569174226303028
0.3856465731044
0.442073749543888
0.562881653233451
0.498106908946018
0.35154043279141
0.291103092132388
0.459048550742737
0.468759035741222
0.365253964185981
0.472970889820041
0.613064487040935
0.413421745923934
0.452333311981045
0.469338234202164
0.524570570593018
0.475971801065201
0.538926311630638
0.549918642060521
0.527769194570787
0.487511892721745
0.561779116828772
0.49580234941388
0.462604933704957
0.480909291649893
0.511299919407565
0.571119914560293
0.376687775053079
0.512459538217094
0.392022292757358
0.401069811416374
0.374622510765449
0.518090805956061
0.454628077696963
0.442104144347908
0.527390153796097
0.534968833629725
0.449470069575729
0.657625124944578
0.504304085242109
0.570718933012166
0.48232709669049
0.50641118156344
0.381022081278842
0.514759648297912
0.492286682904865
0.529279390870497
0.511086185119464
0.65640047444371
0.52789854562327
0.343302586449048
0.332576027215707
0.540103652743442
0.456759808841
0.506891234402524
0.532864142794549
0.513792453397834
0.439655245542622
0.386870055718685
0.462949132960189
0.505609690566048
0.600924031511602
0.457265244866764
0.465964500092526
0.537529346076854
0.535859626455197
0.551281084816324
0.378877918574338
0.45885490186693
0.534406178392171
0.387353930293385
0.422313357020851
0.44068989817197
0.545017617074727
0.396318346166448
0.460491183612013
0.382880675932553
0.456450340595594
0.334067895814236
0.337054896928194
0.449847168081785
0.556957350805792
0.454648484677223
0.466898674845901
0.502036891944808
0.416946296038069
0.379188560015618
0.407046388827889
0.484964354655571
0.472188381271938
0.416304826979861
0.624968015672281
0.574054439330866
0.542288911863866
0.398095956425237
0.405514727555827
0.623010751497257
0.540583241945279
0.50343539368289
0.307573056491637
0.578232447526488
0.468277099160989
0.575932642122613
0.47813963476671
0.432550796178745
0.328258059503455
0.464119815078084
0.362565928255785
0.49869806024594
0.412402976997544
0.451728110103892
0.370692055714605
0.434411799538709
0.356665953632397
0.609789080125999
0.553373505382037
0.562248306061723
0.458548688368152
0.477264927253785
0.570094682533947
0.37458647288734
0.55346806242473
0.555967278629657
0.43159521403604
0.418359077849859
0.461473400485043
0.493349560830881
0.577732015986902
0.482543653540823
0.516916136535634
0.432284904688191
0.416779542801818
0.389493740706398
0.526276134477672
0.381539599468715
0.440324636581821
0.459944571930907
0.411975478080108
0.437952435862587
0.44228255871679
0.469783584230456
0.428654619632938
0.479430826527533
0.532813869567066
0.467540046540507
0.374643653555893
0.558486877444033
0.427033707308258
0.459581710628572
0.383640365518888
0.336697684802739
0.394983559804761
0.48905122305627
0.523312229241755
0.483065532032026
0.353844735739048
0.417861935091235
0.546364799149609
0.320605082465462
0.396042654572128
0.385438452973548
0.475305582126134
0.535817314337005
0.361143649926339
0.551798785648519
0.620606019993593
0.48351814626843
0.554065995632759
0.621779182659835
0.455803599274322
0.328618059436588
0.479358050986755
0.545524231213486
0.569711980245625
0.56804041045515
0.498133204740083
0.451116545311577
0.442546502472278
0.535626343609375
0.355316278780868
0.472016716370605
0.484482488460538
0.410534321871365
0.293971334868298
0.41578943719036
0.554649944752791
0.377543875780748
0.414408361238209
0.40094020407461
0.590998701381395
0.496233694593339
0.390775085118917
0.585870336068463
0.514641412100509
0.408362332799431
0.462368226673641
0.294244700011418
0.542731109035531
0.436539068563156
0.349773726018409
0.566681536584907
0.538856961215272
0.49704230585588
0.343475069286635
0.523042199182713
0.520893708341198
0.562137255852296
0.417320091107352
0.540637148598595
0.390354926072796
0.485857147187258
0.571909594889004
0.559315586658452
0.531793243894118
0.46343388642138
0.581130013367646
0.464401598252624
0.526226082523653
0.555637212692856
0.518407408123425
0.476509096067095
0.474615702897165
0.419834610198765
0.371682470116606
0.387427564617031
0.599241547108951
0.540157398159129
0.459440593093989
0.386896740083929
0.43599997345834
0.36171075782489
0.437015419087882
0.475570316059757
0.40597254170908
0.413212503275466
0.507854796661325
0.438948601509463
0.551624122147119
0.485438618704305
0.635608571694282
0.578700729269842
0.397126202279855
0.420787072975353
0.503186163162711
0.519168433925982
0.367196505412955
0.407983122482111
0.463942070261703
0.469909767934181
0.483606530941211
0.333478948052756
0.301244767723625
0.491861840556934
0.39513815944622
0.529228949980602
0.390709122697425
0.638440561033179
0.496771828094222
0.627033737420948
0.391622337901253
0.593471330422628
0.505559184083713
0.38954396533244
0.420238768339193
0.431977254289757
0.4269028450189
0.55160226036866
0.449260699967982
0.413484743379983
0.364098348676549
0.380928563333531
0.412907239055254
0.583675482371202
0.357935466968832
0.437510953717235
0.408982878899599
0.620204841889829
0.370784598574038
0.426759819150579
0.532843582241299
0.343729996972857
0.476321233077728
0.493657814440371
0.522537911607277
0.565623672585947
0.449022888811571
0.42741177548436
0.496411055170365
0.450290525653694
0.481557921344883
0.506855115887902
0.553515079647033
0.472751006029876
0.355670396558636
0.483297909088501
0.379511490736354
0.487293651380684
0.416753515914837
0.309879660487274
0.483419441041218
0.433711200875686
0.570595904103466
0.314446201304124
0.429793242525812
0.551801424710131
0.452392627227286
0.362493605470651
0.44144039707837
0.460867145211851
0.42246690385029
0.358110233828454
0.502903263952231
0.504603936652911
0.660389282023527
0.641481985402183
0.392224012142643
0.368260276115967
0.383309776375844
0.477674459231485
0.40010796719322
0.438238234515793
0.53978603587914
0.444566776484724
0.40073347613792
0.465811218096555
0.367101077611226
0.354700437894348
0.496887556438752
0.467789221366879
0.523089768942906
0.403801878562639
0.527644270758719
0.433902195063837
0.588378002041914
0.42242096444317
0.537959749132554
0.384311975528531
0.393288053441556
0.394695547029755
0.366494199900483
0.477100884382731
0.516842225234208
0.401032021403214
0.579456817564744
0.465796276279391
0.322403485461861
0.381313066126625
0.363782134085454
0.490299681320551
0.610512992382491
0.407525804743303
0.483753118247817
0.403659270929616
0.651639704744322
0.557369234879855
0.4312607761326
0.330844717595141
0.504465571876335
0.499405288501617
0.464156986998762
0.365004950057551
0.490517401185867
0.580710201149701
0.548036921794408
0.522632866270103
0.419913986675953
0.411943655025867
0.489735557843175
0.426083371537786
0.359969441765173
0.388750588177408
0.464994530994301
0.508339056867417
0.366060450775665
0.409526120549541
0.530887148357556
0.440850347513606
0.412221834351787
0.61015251387826
0.490492928051702
0.504650998679534
0.514727393083772
0.416897019578088
0.453245522648694
0.453252454100955
0.36409807318069
0.303452523323322
0.422066064767827
0.478403634339846
0.531226401488488
0.435309548128218
0.449675198386356
0.48784202856272
0.498664230728669
0.356254996436485
0.44627310192842
0.525656386181266
0.5645180182746
0.445342280834939
0.466641626317116
0.377248138522061
0.492920434568448
0.570727982628105
0.434260222371314
0.371109858841363
0.600842417562683
0.566249314518249
0.466430531494604
0.557306139563905
0.577299370187226
0.608970761602861
0.411279039213747
0.476480110422236
0.344864704164183
0.44448719724474
0.408771619953793
0.351422037752803
0.455482941435626
0.427340697227632
0.492149347790984
0.519931567192507
0.53392418195731
0.407186289810189
0.462420847600658
0.415386670800167
0.465717464659825
0.504160239281534
0.336592243114749
0.380870966903768
0.440278107397338
0.623850335485292
0.371677783442577
0.605096812979771
0.420309538122512
0.510038974006241
0.925701430267182
0.434705192914973
0.542848079347897
0.444297017116288
0.508268065373719
0.40740406895836
0.517617996502352
0.499700912799075
0.531229605640733
0.571721698844774
0.436085562424081
0.525556488061332
0.566592204156701
0.367262650348195
0.440267194090444
0.346172656388447
0.502331147515587
0.581943792583887
0.524200040250595
0.465057454385596
0.484729352046891
0.588551210788326
0.542424906120971
0.430153975912571
0.510245086339069
0.514359805475949
0.505689276495175
0.514580466694097
0.504850289459393
0.490442891941974
0.430569052692398
0.471499079792658
0.411096439951612
0.400889034331737
0.474849880270754
0.430584408940967
0.401799463593575
0.403106742198343
0.477069134627405
0.464842494743159
0.480102778962436
0.438445050472018
0.487549449346593
0.334225753191744
0.393413747158016
0.475310901767019
0.434742496780999
0.449825344040285
0.4283761554487
0.457308008043003
0.336583145843338
0.479423705895172
0.487050272877394
0.478319174008125
0.419916535401479
0.44329083928308
0.495223283858084
0.391332806516717
0.421397610847017
0.477355424298383
0.395797078358513
0.352900642080373
0.378677415005988
0.553383960854334
0.415751458897234
0.282212776548324
0.379933574767472
0.520747367167819
0.511501463631489
0.429772202864171
0.505964840204505
0.432484291020944
0.498815566271584
0.389811609795133
0.372097448313666
0.437112539822441
0.554917374461869
0.394382171928223
0.390875015583459
0.443640476350361
0.449719445549875
0.418287123108348
0.364404803304804
0.449782764384706
0.572874744750542
0.432110796568018
0.32646482432933
0.49371592145488
0.455949466419276
0.305593766868231
0.360201057079449
0.323545507373023
0.433373117236582
0.577642385438531
0.458941767172974
0.449925611967632
0.36920507692464
0.476248961941608
0.539391103142356
0.565183827109753
0.342944535379088
0.560067584783268
0.529308655170073
0.316801130298534
0.410102115658727
0.615920291188309
0.316041104654379
0.419222936168129
0.483742938059293
0.572366008445054
0.6330067076522
0.308504497021588
0.440799809119743
0.548950775141084
0.550183848726863
0.472182412766396
0.529995805096486
0.369188732393903
0.380261901692714
0.456308710282371
0.458076808850815
0.462515278663868
0.326028121039403
0.421188988236119
0.332375767626261
0.352598297686911
0.67792685897566
0.572990681951824
0.464364011267049
0.359175792454612
0.420161218629084
0.577459411023515
0.344974350261947
0.500732622218747
0.58641647257583
0.386786743699325
0.489667009325518
0.427171815982963
0.488061683690701
0.394176490410455
0.443708812664021
0.473723576876331
0.367673387472671
0.493829871495708
0.53214449807667
0.43334573542773
0.530757848313236
0.311781884844898
0.484035710752271
0.35898477051645
0.621282959157358
0.483182956423655
0.450476699264616
0.358847778976272
0.496063304838365
0.506550530653325
0.671726983486056
0.604241014178422
0.411679407480104
0.437503328658321
0.566335378204852
0.383060470341656
0.335286376849829
0.337181251384719
0.346965305064639
0.609710677486026
0.459690515465478
0.355027528802069
0.514012967457727
0.547207129738689
0.433320197429044
0.42510563672566
0.451840018037633
0.374949723099421
0.532321813633811
0.452119737579635
0.553322792897199
0.498426939580353
0.527782821307212
0.43276333812722
0.567811303294072
0.398035841936932
0.339381297315628
0.319737925579589
0.361405218232456
0.423228065201721
0.495026903039673
0.360322956171604
0.505795876936059
0.488096462969735
0.564739161325845
0.554881184617916
0.499447531710827
0.401619482149396
0.453983737229587
0.396536429102175
0.327497360468507
0.436648726697549
0.655094173979869
0.35916424950845
0.491133700917247
0.46776738272473
0.364023275764591
0.370713484742987
0.411821179839554
0.474566207919091
0.426944864744231
0.488900046963922
0.37367956403887
0.509168812961625
0.484409589414014
0.52400011006837
0.474086976213688
0.468502653831076
0.416605794502447
0.461211615257206
0.585999789904662
0.44826432343976
0.43283296370269
0.502184450508791
0.520279611562753
0.384879574583952
0.447027008682406
0.473109509028417
0.379860070316728
0.577091465617212
0.463351453047698
0.625131534592283
0.522903725562914
0.393016455994556
0.399212418117325
0.455111796732941
0.378897024305578
0.451123312510311
0.638539792205678
0.570738814011916
0.533798860345493
0.508876151427043
0.450679170492629
0.426339086545605
0.438038040368912
0.315902543272876
0.355889907477262
0.464979949802122
0.410938429165346
0.349639232728554
0.375464889341384
0.230058457308616
0.397911532346202
0.463471765247712
0.597180358932554
0.474939480752569
0.440163876235972
0.665216399241629
0.408523436910797
0.503027368401976
0.406805414886678
0.397670459530817
0.577567994751575
0.463770386905602
0.430715045507944
0.408678035048469
0.515912004760906
0.575196560389212
0.397020673464416
0.503430723094464
0.393316382264921
0.497502156571007
0.368037683057076
0.501623391261571
0.61690161812466
0.423554408249665
0.482439742901844
0.477028788808085
0.407387353357072
0.571037744932885
0.432668528594058
0.512809382722028
0.408391374916237
0.389089614884386
0.352904706791754
0.490201185612105
0.417256440592564
0.457542824511272
0.472696469084644
0.556404725397059
0.42380944395433
0.429348048516222
0.651828532434025
0.597259320122997
0.521666791216728
0.446153909695691
0.54196990748445
0.508876108367986
0.466998714031083
0.646297801895894
0.56798102485972
0.700135403853236
0.351450795552345
0.533184576073258
0.354349945261985
0.548121855607198
0.397350362983703
0.554494887007994
0.63910374559703
0.523635054020981
0.340997812173977
0.434867395193873
0.418077813850268
0.404576369689791
0.432185118056439
0.498791360485462
0.517153247640142
0.42181599710947
0.664588639330526
0.436015454066449
0.501772230049389
0.441887484370859
0.321369079015469
0.52884449440187
0.678365754638054
0.337061517795806
0.626978139151792
0.500855728557827
0.390143150868623
0.292844231585306
0.518148860141619
0.504698547223306
0.465866791145435
0.313998302910055
0.394205767334078
0.43947547372412
0.416735116623683
0.465129082653945
0.488962874146158
0.601007669488777
0.507027980059036
0.445296461304213
0.429197677337836
0.298422582437453
0.587733835815948
0.561663275185109
0.401111425150426
0.419717443712869
0.416253138895461
0.40421670965247
0.431843350869809
0.374204589741894
0.45587307237519
0.585414724676725
0.323681077449662
0.373630860959742
0.485385764662468
0.291110577972174
0.525623579562878
0.437196129996252
0.383313879745982
0.28484224400286
0.568359287007276
0.395718729336483
0.369658889833091
0.348399888940287
0.481268512702415
0.442298148937297
0.428385678260571
0.437011280366341
0.33864374691584
0.499953598098417
0.323391869729488
0.57163739119126
0.386476291588458
0.452737422170834
0.298232221830367
0.364998853057831
0.585435763615137
0.466080681525647
0.575560216743074
0.63894169839417
0.50908737506432
0.472409532385831
0.436306432633975
0.517484932773391
0.321097816234619
0.52085521814123
0.550167980283884
0.327771708998092
0.441992934205805
0.366622048646449
0.353754514753543
0.48660788287261
0.456683370250727
0.615407962273691
0.504335585126797
0.592701966675889
0.320592932347358
0.559831238482508
0.501785558326953
0.391740176057695
0.424156411690475
0.392981437199199
0.541180049229685
0.521232904004355
0.565640256295282
0.300405431119484
0.423439634795798
0.500448053142913
0.556058646119299
0.457090165714983
0.42358065122181
0.300033048313559
0.497174842538647
0.500482035495342
0.311224027876299
0.495444008301627
0.50980407544729
0.404651256062808
0.483029111224418
0.303903032132095
0.45071381088301
0.445658154769224
0.508346549452693
0.337004103526181
0.444941713833866
0.539962722727628
0.323298404509644
0.347420152974934
0.435903432594962
0.482635144491999
0.438377264281964
0.428184199236311
0.47663882840447
0.320741628866136
0.466896033412569
0.445930184212385
0.479797253041188
0.494633447061
0.502791981886812
0.577693878982125
0.462949930518941
0.595494840717001
0.551245051824098
0.494436138958516
0.407548904190908
0.486410084123285
0.35411110208311
0.391320257692171
0.464019019024005
0.410062034146994
0.546475019045726
0.466071312533702
0.633116227867814
0.424398588620195
0.373002548590121
0.437322851277547
0.385080746034729
0.325197895815521
0.66307601064635
0.47312654465499
0.659619736609396
0.402155386957175
0.477333007293954
0.452266338425182
0.501559695195612
0.529099928468381
0.395543155135176
0.595334426489665
0.554445427654138
0.580164231467243
0.415770359575049
0.400374578698318
0.383285242429791
0.679394392656364
0.560849568143696
0.418020693742332
0.395603013041415
0.4887630988773
0.558238838828995
0.530526515605351
0.538751757016099
0.38964928565096
0.425842072775656
0.505735263605339
0.407414047643487
0.451534833484858
0.502749983513519
0.479384850104632
0.393478640730592
0.666507829999941
0.520666883862269
0.442575393177052
0.296450488830782
0.434089805261359
0.410018264890337
0.560494059602857
0.528854721924089
0.533578260209736
0.408645467250272
0.436373164097805
0.435526135045445
0.541485123840028
0.436371334146036
0.539990133987496
0.549479032747086
0.40727038333652
0.544121178843279
0.658130618320075
0.615761190913527
0.356822093458853
0.384107650619639
0.287329202176603
0.465948205359792
0.455667736921203
0.527806437877229
0.317808134180036
0.528972997321456
0.416979904727524
0.37847919191897
0.627736340883673
0.370122308906837
0.524503794969242
0.427584860420221
0.361811764256308
0.382755402103164
0.264009394529576
0.413049897145433
0.485899924894785
0.432318452282305
0.357170695987873
0.418123371905611
0.330840438729386
0.615843858073586
0.449750952248913
0.535265913899446
0.463466006975892
0.513091641928897
0.424458746504128
0.487612047196856
0.580720640722283
0.388273253450887
0.435718480443949
0.314723794310209
0.497954256069251
0.436710105628258
0.616527027550104
0.362020221922187
0.557443422484677
0.501871124992128
0.456852604934631
0.344302280964936
0.42549912914783
0.480060392217378
0.448574558293215
0.342280542753205
0.304908576734616
0.294719358717847
0.529128523576338
0.442385240186323
0.548711648654877
0.360382242692151
0.527609860869533
0.623935669209998
0.484497797296065
0.380273304830565
0.421478889692251
0.488541656960038
0.53876378846238
0.366777166885699
0.510577985746217
0.589801820170217
0.487257922438195
0.343383981430823
0.429971529995687
0.458952513718919
0.582161105479304
0.502152621199489
0.338180130637764
0.488419721378582
0.466693688553594
0.430511455827366
0.328361343383574
0.32477471808915
0.558590881215419
0.542427413311008
0.623131041596739
0.547685384758081
0.431238321723632
0.308281533718581
0.498965908383957
0.446381557879275
0.409312532323198
0.525588480328154
0.473197265559045
0.392175535000964
0.350487767585726
0.56599740198812
0.431418896366009
0.461617079069112
0.499736160082124
0.600874549648558
0.659482285597803
0.594239393950425
0.406494038269546
0.559746793074323
0.451848631256918
0.593125951405512
0.468194663778326
0.536423598961632
0.475100746879722
0.508788039406096
0.35973486037729
0.605584906920082
0.353139987300603
0.395433266333519
0.315669519721022
0.475222010368762
0.624182908366775
0.442994004496997
0.499557896539545
0.368390007017269
0.438800699760158
0.543674511409333
0.441809753427344
0.290826337906347
0.36743900700735
0.398537166396097
0.518576439452363
0.411220459544296
0.534270298559449
0.458734256026594
0.4159938271397
0.45717559066461
0.48955391871237
0.304155306744582
0.537157946370674
0.441273906055006
0.493643477827408
0.540574416742709
0.413206538153234
0.592049328631637
0.452989518229716
0.415981030371174
0.379395353587812
0.45404681435068
0.612246845451079
0.391164840618492
0.4774606961786
0.431729218207486
0.457080145895878
0.616036711822094
0.498005204008904
0.541741780787216
0.445945129855879
0.413613395309656
0.525678143678669
0.465888625652127
0.397825962190402
0.332315886059759
0.269887988335427
0.60469289983646
0.454165474745497
0.385343765124639
0.251001461068597
0.503159703373952
0.592122671657749
0.496144933962931
0.346171882093524
0.325608076881715
0.391082451381106
0.431944737066017
0.507057731189112
0.310008729891953
0.525920070191511
0.464807116842435
0.343783847874435
0.300714059135383
0.402514040069691
0.498918610877005
0.492326982005454
0.42277515752032
0.389870613229396
0.616231028261487
0.428961728466754
0.590332000476919
0.511264716450585
0.597532181482416
0.473981848810748
0.384732841418244
0.48924097451626
0.461786131871846
0.416635760486735
0.601367830791698
0.472215770257921
0.328936339773742
0.465047668099427
0.441336472229693
0.417362847739267
0.545554029018873
0.583793107246208
0.459704796542668
0.500918690076315
0.336341750293623
0.442483381744394
0.567705695213599
0.396845781048672
0.566456147827614
0.512505733498887
0.599731568781717
0.394468213598275
0.500492763379731
0.601871824676708
0.414698417940555
0.523458606350195
0.334797029007412
0.401806257359387
0.404012403876774
0.389765688266545
0.34999310016676
0.519819758223204
0.493031963579191
0.492439933349455
0.467781732427269
0.606565709910469
0.481880515493818
0.531427611477473
0.346614670687139
0.424486929068162
0.549022909518041
0.356194914102191
0.658662771220617
0.570860231836202
0.474567733442023
0.634390845663929
0.324465184299408
0.326692844236372
0.372010552952792
0.493073736377713
0.347111073288187
0.365830674698144
0.378283167909788
0.410236070839769
0.442910991140451
0.360343900839516
0.474210007818546
0.391271776964478
0.429236547661919
0.444285931099104
0.521148819172153
0.486231170901579
0.479066220662241
0.473860689740633
0.429483874137329
0.321593894370152
0.332870628138626
0.590069963579232
0.343235278809228
0.545475043361171
0.412447685621945
0.42352131803727
0.407637049392586
0.360330161986374
0.501301744946572
0.542836447438725
0.498530954855991
0.524456304961889
0.544647765407931
0.498066358300913
0.495352243058725
0.275465863641859
0.37152934157789
0.361519550842059
0.562977548189547
0.444666463389175
0.589708381483266
0.483216183951683
0.708777106801863
0.649930757102366
0.48354163208844
0.442854648301666
0.291243548605124
0.347513948012935
0.460613049292382
0.484567424366403
0.655617710190225
0.526285590866483
0.413652722884837
0.573496791079205
0.450985930231216
0.476181785262575
0.392709576592739
0.429106034292555
0.490794838695436
0.340678686069635
0.451015554587291
0.564218671304698
0.404828533579307
0.641376752651877
0.544182473041595
0.449707486669941
0.618674164399204
0.452228523972635
0.432398337325908
0.485792243161761
0.358226806484927
0.442154185255375
0.439794035058344
0.427463355517613
0.469178285521211
0.431054455340976
0.506886075375713
0.562937782640656
0.506563138205607
0.581542403426019
0.556690621499101
0.453768454174156
0.367449869429979
0.457400317895109
0.336881343471885
0.446329161388154
0.357716867977994
0.331983050743546
0.394226814910143
0.571354620537295
0.521330017847679
0.440534682442471
0.480042878354274
0.53554399063886
0.570417882523316
0.315735243078396
0.43370698765496
0.431345264141682
0.485377626813118
0.298718846179973
0.367544070034965
0.429221447650286
0.494201965980815
0.452902926516804
0.439004018498784
0.529519946860419
0.500232248938547
0.307892693958168
0.407089984049434
0.506078797726903
0.428619339221754
0.575651121131997
0.404698733495636
0.485467502976789
0.368827753140004
0.618463650266167
0.479366968359907
0.424173692105146
0.454838963705318
0.434277063949044
0.449385105238573
0.385758749116569
0.397604130974463
0.597694612574629
0.36803931270404
0.317674282185778
0.329994904046555
0.479675721681162
0.363142242135007
0.532149910920194
0.502113539206652
0.417610009259779
0.471426546513626
0.435820137554841
0.340332623323455
0.697574294688741
0.490839655801193
0.390595019557914
0.567976221119869
0.380120890319033
0.525301177145701
0.323713346219474
0.400981805095487
0.53223421428607
0.419754132524238
0.433732574979745
0.534421590799575
0.518038089089906
0.483462909767739
0.399612138467148
0.502412057188358
0.425203610339844
0.421565536786381
0.289040024301462
0.451267032053949
0.57673948602524
0.438231067281848
0.349115010520235
0.429764602477586
0.498162290402068
0.288788605104146
0.563381697663835
0.354179035258989
0.426666407214649
0.467042249019201
0.474213867650572
0.507157717442648
0.441564658988764
0.533028921459273
0.64627147322043
0.542369175693187
0.380206296632247
0.359734542630031
0.581799624356308
0.348747128422839
0.390839673511596
0.314577237303988
0.463318487660977
0.513774981817077
0.36732077038236
0.615107713921911
0.448412773876871
0.443150822971317
0.350507146760759
0.5774528021381
0.47086108779541
0.502178963181751
0.477490141295596
0.448642143046767
0.438182743194645
0.398307136208143
0.552192563625126
0.472760940956557
0.249951446383674
0.582308267166982
0.640199927852797
0.423716648630114
0.464532703764158
0.508240614863594
0.684396502024421
0.459906236113451
0.281823575232867
0.384528878066836
0.564515462521435
0.568894842553137
0.538731367874472
0.541907777257262
0.474029786483534
0.337324539600773
0.636719922248453
0.314336072479154
0.485769210447287
0.491693815124333
0.425842420604124
0.542329503837545
0.490959857399005
0.452168009170358
0.537182767423393
0.516414710231044
0.49377585825131
0.532434651461106
0.419247296856012
0.327396013448854
0.538290952302807
0.559198372577032
0.487385697981342
0.494928409698872
0.44045294819789
0.515680000724227
0.51279999507691
0.622918991547951
0.532795089198207
0.532201209554466
0.681707080649955
0.396975375135639
0.536391897860316
0.541614059787216
0.415508476456145
0.581950731908301
0.545164934625534
0.354547028180145
0.403495442702977
0.37790232008521
0.374926450298207
0.437507705278536
0.58808185223132
0.338368972057988
0.514972110505071
0.330061942920461
0.390145775506601
0.365099019395178
0.298361087086754
0.441404335338967
0.596305323526782
0.363659083973483
0.451503613768197
0.303487876117019
0.438918891272564
0.424917441697108
0.561781946417365
0.333343413185642
0.542065287233844
0.436080642614112
0.453277341531085
0.386432668434673
0.597228593692235
0.505886057381087
0.629607746681743
0.545386249352838
0.371406501887849
0.477064599700081
0.630693017446884
0.324701629656595
0.422736258428202
0.478880207708863
0.548897682531508
0.441993586249723
0.426879519061042
0.347838023313167
0.556902883647045
0.561473654327622
0.408377163524261
0.560488660750966
0.560036596450986
0.520664570711418
0.417279503976227
0.575544046656542
0.419541539496494
0.350372730683904
0.541436089285268
0.42073126128834
0.515721866299482
0.573209591853077
0.472398046671731
0.476757517230007
0.442556863004871
0.461702807714844
0.43128356858253
0.5317167937755
0.544104669271907
0.704025754465456
0.420496492294507
0.32133251091779
0.40435484416625
0.439993468700539
0.412999966015907
0.287871987330757
0.392762470244699
0.488670912350655
0.480861231684096
0.622725175103517
0.462648947764664
0.476948505248032
0.605678763141732
0.492773997752531
0.368229226636709
0.532869348431776
0.437659856108329
0.4442242401874
0.312468430916847
0.397543892079293
0.46011857040517
0.369737630218641
0.519791364132186
0.604000281683509
0.579661515881996
0.493755336700285
0.324071796398694
0.477884423030547
0.499266324785604
0.556764510746473
0.399443169355999
0.605348932617791
0.437756881307881
0.344172070254686
0.417145998628658
0.302811710604657
0.484883150841404
0.492768802100422
0.401306718512327
0.403651634525743
0.655775263664676
0.341657368901849
0.431774351326921
0.542927383962501
0.401684458593443
0.493365984595055
0.343127262558475
0.428299015086756
0.55145751719057
0.4193802713117
0.51259741865004
0.379755935491805
0.484153435419165
0.319894210560535
0.551926220349158
0.541725920419773
0.676160277292101
0.331112279250637
0.559622219408979
0.562702665549678
0.375212608125729
0.422819473013717
0.525683243078318
0.532474252604307
0.336598420724952
0.593037166430138
0.457102431500145
0.40133597177705
0.380125590315441
0.416434417838786
0.358981035965708
0.631781442951183
0.340878356296942
0.28452804942863
0.537585334237523
0.473583853017102
0.360335911352389
0.375427124232543
0.405933424622872
0.437824760939934
0.425290000752945
0.495627595717346
0.524952990870808
0.606097381081696
0.432003222164881
0.485967044946268
0.39850386764879
0.28785200840084
0.442289144527777
0.456119287318332
0.362104677518139
0.384683954318384
0.424732767720835
0.443098134584016
0.549239445619481
0.485843378648184
0.388459626392569
0.609003504964834
0.482836874312088
0.460365575232686
0.550190673853755
0.46527686388835
0.50694517181345
0.505328614848892
0.343638192212614
0.50465786590075
0.527341583650021
0.438822593106296
0.511118572128571
0.514820532338818
0.301055605061395
0.448760850318925
0.664187568464402
0.535342425413974
0.469291227854266
0.478834754786782
0.352672347516527
0.55250397677307
0.566952836787203
0.506735739213197
0.589923134701676
0.422636059256506
0.27686408526563
0.675627839505203
0.492373896359285
0.368047892298651
0.44633034545508
0.257313568910799
0.361411656991462
0.714337329606088
0.568653498372296
0.472476248583762
0.465929010324052
0.334204907603418
0.4362618362396
0.533307865907931
0.445840169240067
0.47787627105801
0.393275120075777
0.62109553998901
0.551330970620924
0.464371096307958
0.526426773193093
0.444118335689141
0.340363548074407
0.381203667168689
0.306602156150696
0.368911271468837
0.297352236168725
0.471728699860622
0.333583503217622
0.416676041666915
0.344575821341854
0.396829999586641
0.486117561348242
0.529238722414798
0.379585298466313
0.441911245426707
0.363577070344178
0.412629470065213
0.487263576036
0.479277672576064
0.483245463416502
0.514467140869986
0.482717160887958
0.367763281093199
0.46507228136393
0.607068739584222
0.430142849058335
0.556170726345959
0.292675363313639
0.392926534384703
0.307656380695945
0.405082405977829
0.416623078242091
0.591204674874199
0.567870111585749
0.460708534955509
0.529054574171286
0.481816220194928
0.456826519262249
0.300822940053351
0.468099035983042
0.521943813775897
0.50990981436615
0.424470275848506
0.485593534432599
0.533569003769422
0.588547331741862
0.680092971259462
0.326032637212437
0.53494256045105
0.574290881971175
0.446805600287238
0.447531594355978
0.448134051572179
0.531705889873413
0.440968805494811
0.555866233798904
0.555589552584272
0.566712853342747
0.497183643299739
0.473782669750365
0.439367865569189
0.431516704612145
0.359877293795266
0.375184102632855
0.522221444689014
0.582206690773338
0.577448353720952
0.517976295311463
0.366883430574078
0.540875941064441
0.409321986639116
0.288826414408334
0.432196004577658
0.539531718346075
0.504063367420871
0.5421697203561
0.421727905809904
0.425158953443831
0.53596056138253
0.487923853037569
0.475948044443185
0.342576488007178
0.470724981671488
0.380045229927857
0.392938517318214
0.374087210914845
0.405558777587572
0.453505784847147
0.633239318174698
0.483536300350741
0.57507947980965
0.433064036423036
0.38762406048712
0.294257197095448
0.399076228717332
0.350123903272503
0.471955783955548
0.559787368572645
0.306821561666464
0.366916007668612
0.525068213723785
0.448877523969193
0.470234690511739
0.498680814899845
0.395867126949178
0.5403094052763
0.536868094434735
0.274786387449106
0.57675059413735
0.502980734224455
0.440464028165206
0.48875585206129
0.530612452121163
0.451070561211597
0.361011732303878
0.464834287441317
0.461197307960535
0.290068000266259
0.423510764537153
0.432324039686291
0.490653425139713
0.356575238751403
0.454198719265443
0.571397267662791
0.526125983448126
0.640635355984709
0.5747069313779
0.415521848400997
0.319445871300348
0.385307524767745
0.538557828624506
0.378703750870799
0.547074901963826
0.378895492653991
0.577100723601409
0.559265686061711
0.381416793344842
0.514285497301266
0.498367862776439
0.438594268827303
0.401785589377836
0.503980444461027
0.273946394117887
0.44728535568717
0.541476968409122
0.399648695014441
0.276888999399326
0.558097126608875
0.625633457085271
0.679261256043225
0.51328839049004
0.285242979429508
0.501754179370991
0.485653551853332
0.500486482161859
0.37032051850245
0.259100764182162
0.506300810940825
0.353986351937601
0.490075596633292
0.372906294853678
0.407292771475465
0.399043094455305
0.479434848219138
0.633072324898233
0.45536385424744
0.560904028239221
0.622035815784026
0.31132053627657
0.468367473251464
0.333031337886496
0.317298445902536
0.553321558774804
0.352480420214458
0.545697251817882
0.442937433614549
0.427084014116753
0.610330783332425
0.387431171900136
0.347667762255882
0.504552826132633
0.543886810301466
0.548969963749296
0.545678156572742
0.406753886193551
0.459689722882955
0.48197422373212
0.433172217270131
0.62247855652395
0.37522032422
0.445800249404463
0.462494161332003
0.538183875462242
0.486959425719549
0.32746995105623
0.583188945302758
0.378757440184502
0.506185302723047
0.533526667129341
0.495029856704378
0.393166443531447
0.50086250811511
0.574694520641708
0.448820567845643
0.430498601641231
0.698370350086246
0.450296133503525
0.489876352532715
0.577642886443084
0.507315319328399
0.445408008004985
0.399342922159002
0.533965363740334
0.471862487810732
0.479784860560908
0.441909783017968
0.418479205449336
0.448312941889874
0.234543013642469
0.517726547933593
0.416360942077383
0.404530812087017
0.451292897317805
0.467847075178757
0.513784362361743
0.453894975124504
0.453496252299235
0.562628244480652
0.460359062858423
0.643961989096607
0.534273791875705
0.510222286955105
0.488806690621975
0.53271741561936
0.355568435139326
0.377551720688499
0.510126702566551
0.656349402360749
0.375643067345514
0.460273995936657
0.325553994174602
0.408164885171787
0.504150747149804
0.459426298570969
0.478463463294148
0.397398423325574
0.550769137373532
0.462368203261025
0.685585765199438
0.46558056258639
0.395970976367539
0.583216219024123
0.674856246547338
0.47825023945709
0.494618812153018
0.403453233969818
0.443550534555647
0.482136196807793
0.576268130699328
0.525398572209993
0.463379998039189
0.44293059105819
0.472877528620315
0.56388966016752
0.296480374715611
0.550519858730191
0.4491353194772
0.463065194156632
0.578301482744781
0.505085201166973
0.403132615463175
0.446973618296355
0.358786326970025
0.467812315449868
0.51741142004639
0.42769335302492
0.551273841361107
0.607348564517522
0.360462464969868
0.520439129511607
0.431437832894312
0.315497654439804
0.37025138233271
0.442546130631575
0.443648742226628
0.368367365710133
0.318295278380005
0.478945267494173
0.265974534425052
0.36711554023414
0.512528612596444
0.42135686462167
0.405267707561235
0.465070703479141
0.509276944886724
0.383084939107538
0.735675067871304
0.469202438294936
0.372377366249811
0.369502764874987
0.324742847828136
0.32564819033189
0.423690545142712
0.470658682128453
0.547815267567391
0.459671206506224
0.52600675188608
0.415874059298259
0.341958156973481
0.390578124440623
0.418039344609828
0.557603160093029
0.526557714344451
0.400315536634731
0.444733604085284
0.622270725120515
0.391296220097842
0.389220609477502
0.570615237368161
0.514069545485911
0.451596049907782
0.579567743142566
0.506249798090874
0.347389209333785
0.509300417318177
0.384141486536878
0.553377546466766
0.490210144060041
0.347913865801269
0.540025054425061
0.335577753252715
0.371070900124901
0.387710668084942
0.415736504825883
0.472971247438275
0.50211255040499
0.316270760004751
0.498783659618541
0.673934101917932
0.369742911676641
0.597761532762159
0.408893248757662
0.52336105647379
0.337575710947173
0.457448942143626
0.473025133880344
0.362306278136242
0.553826006265119
0.519816446318551
0.379024775158144
0.271530933542623
0.571936975901647
0.399709261120948
0.587535429955424
0.484772630538714
0.351239526914299
0.464555549748274
0.548258492281423
0.253385483977465
0.457101647802657
0.555411168010667
0.35594311153269
0.524364863062182
0.458829011113536
0.475278602148479
0.49997586226869
0.485761838430161
0.538072649115213
0.404989433719056
0.604779279151747
0.608022670426572
0.476451871534013
0.667787401634261
0.342146356850548
0.421142882859031
0.502790899328569
0.39623775890648
0.479274534803335
0.399290043890294
0.672112342879975
0.43205895263661
0.269003588638343
0.506577375768252
0.580799419745861
0.215874106530392
0.589839039833778
0.482758804609007
0.552048122788067
0.271769834903988
0.355404068810668
0.434849752883999
0.49335203152903
0.647954099764466
0.461380868670709
0.253143056977052
0.41671767509164
0.541779367642701
0.605307773014198
0.510686946285655
0.465890453948174
0.561762042193612
0.294489250521077
0.718556752279219
0.479053225539621
0.574335092702105
0.48295178898689
0.597300696763557
0.589547810506351
0.461983166288849
0.490686614195292
0.552893466147202
0.425984766089117
0.481112378450614
0.521182080255648
0.296239362649262
0.319029130211207
0.580540436352627
0.400402648207553
0.493031472728483
0.550558424664277
0.458484423350149
0.53818250517521
0.53207476274105
0.350959627994485
0.682618641093041
0.408963638342483
0.38908850772964
0.361285155505609
0.452855621886963
0.496069765421701
0.521618082858418
0.551600249211307
0.582755280881719
0.374961904555074
0.477976406353083
0.509316074201404
0.446980982927586
0.594830942542821
0.309955858400935
0.452897637430148
0.531618396701673
0.389493052426839
0.3807813579976
0.402304679398533
0.600934387913812
0.494419053937126
0.437784126853198
0.555869711035962
0.685380015655805
0.432154270180226
0.226521922300202
0.576353524758622
0.453653123251718
0.417397721030223
0.3774805559304
0.521627547196652
0.471172935054077
0.43609870139978
0.59247154110402
0.406422716035898
0.285367782357177
0.546702235620891
0.439107649322682
0.569037302349268
0.365081273578177
0.417156217859751
0.470559393074023
0.332277212711803
0.495769563075681
0.685821237447848
0.491083342759464
0.501932342145259
0.439624301113077
0.477697047887248
0.480622435666562
0.432289640394682
0.458907638369728
0.606703804846949
0.514304062275066
0.516205272725127
0.348247644259183
0.317732283612223
0.2755466136261
0.366899210996213
0.563744821189127
0.479184632439246
0.562320528615798
0.482784100175806
0.612655691602404
0.472700802067018
0.417202855092074
0.586667041408516
0.317152242431902
0.303563132346153
0.504980819135391
0.47207084770877
0.4040537063348
0.387240967399879
0.563498257021999
0.542391722690018
0.429717337393029
0.420236925914195
0.376274465590772
0.502027147072207
0.471277011934276
0.509422475601094
0.458115568449007
0.478785401685169
0.478370006767788
0.391771645599207
0.509718523710286
0.460811141134014
0.47712942488561
0.321201533373051
0.53045203925981
0.442368172380902
0.249250637444418
0.533258005428459
0.475503742012722
0.478042658007822
0.5155322497778
0.316493938357348
0.552317585366971
0.373401769828372
0.440231400301851
0.532544401902754
0.664865005401097
0.481528625282083
0.521718834635179
0.439234151317061
0.500131575981532
0.545098073636258
0.510829871272041
0.648158459630413
0.68970646810091
0.475782655812851
0.28100409616993
0.501397985490844
0.368837269203811
0.22572229035168
0.655347669135581
0.447203087724747
0.582390616387841
0.371908309389613
0.422405454278655
0.416914135607064
0.506008978458855
0.484152303476648
0.312189810901924
0.54516535149043
0.398885818100073
0.513030501268146
0.443318012204191
0.375981496538142
0.509938397573367
0.435980789912306
0.484408826162324
0.576687868813897
0.517772492746291
0.571109464998499
0.575588566700363
0.450715527663143
0.378697016367916
0.430907559993372
0.463852153655137
0.4121618369243
0.359448635113131
0.570165926426016
0.459346917595007
0.523196321194319
0.535965108713296
0.489017771147935
0.553812945585371
0.406747708878088
0.466265853899143
0.582512162323117
0.64910762379649
0.44607336865804
0.67856257627385
0.632931161027818
0.466375616642196
0.595732833586418
0.41848976962072
0.423917312527699
0.345590786723219
0.420320031746495
0.525868980408951
0.572606915739556
0.498459913729326
0.72220217561861
0.433696724946528
0.479098084228873
0.467845703225432
0.473865905429621
0.522026970597099
0.541898992096134
0.385872252306897
0.526372740076586
0.325019145001111
0.567345679912279
0.538215943034282
0.592863901970965
0.598646822500347
0.30903990192176
0.564921172340368
0.427696831556414
0.518437375263703
0.436859617053119
0.613997019205238
0.472495186021064
0.545582319542592
0.388978541037872
0.489956124598724
0.398143480846126
0.524155374237932
0.520364723156151
0.630799958294149
0.376807153055402
0.349147458551808
0.413445050117806
0.415182046640636
0.390752794131365
0.301226812810803
0.556053010661875
0.260504234717321
0.527320666610674
0.543134234682502
0.615484002203274
0.42096460882475
0.377106764381331
0.539747904096832
0.396138824988383
0.38017421883564
0.61910805471901
0.462918315699353
0.524714086457464
0.4728025096425
0.360157761045946
0.433328961091846
0.539019032217675
0.54825352823831
0.411100744691942
0.55480672776738
0.47173923692871
0.430517679784947
0.273842605651418
0.360312070227636
0.441584689889327
0.496227475385583
0.379891141689406
0.366562967693971
0.479890577813867
0.454208471871475
0.517186553649302
0.341862497190495
0.347651851080812
0.385527144426254
0.448264918805782
0.470608927103699
0.49183080743705
0.371140761047608
0.410781600725896
0.306100456418923
0.312252872220686
0.535854634260383
0.49366385531933
0.307314415104412
0.583367558543033
0.46838524559501
0.489010316392341
0.50047904536653
0.448338884912687
0.696387535049645
0.448560304763546
0.567032461675517
0.368914467742287
0.356056939785105
0.537670250076089
0.492070483632335
0.62082874538622
0.393569585178945
0.405739786145728
0.568722112911291
0.486640954548655
0.457756242049045
0.417313708498747
0.478596460064589
0.384078104127718
0.403081723236426
0.581141324161381
0.618015004298047
0.553257389781386
0.622187018688503
0.321297420597888
0.759444191450046
0.376535900669638
0.383736288622662
0.4516467190382
0.386642051102655
0.469255027554579
0.362650035483389
0.247912552052802
0.486107885644079
0.557867424214282
0.60716923174788
0.463665351333836
0.364837190733878
0.444930058150304
0.302907971253978
0.645550414839268
0.574527725245639
0.485303254733389
0.440042640244747
0.39453602497655
0.245717302620228
0.544307040253949
0.473553888188962
0.360656157705918
0.58655724706926
0.352368624529028
0.436415694077124
0.411636443992243
0.452436012594618
0.521040867874277
0.441621677946787
0.285430127105333
0.596120273577424
0.463976304261649
0.410111965425971
0.490962163544137
0.515958966084836
0.387307180677407
0.486257797577069
0.257596135181354
0.475846804352391
0.581468260726971
0.542171174514491
0.391803726919365
0.642697354118132
0.618290930670464
0.440844493108009
0.590340308557419
0.583327232319661
0.50824371843022
0.539599559315773
0.3816473591558
0.422137802462547
0.552863447319146
0.58539802502781
0.366189931279025
0.634263400611772
0.254863353068625
0.563805020156907
0.571826691505205
0.27951693806815
0.448360463632686
0.432314602564014
0.580805774291267
0.544499475897037
0.366175196033386
0.36224009085621
0.261886211343201
0.404009800503811
0.325933235986744
0.634998190725853
0.341572532214033
0.436983604007116
0.469854966492305
0.621229983215994
0.468410705935842
0.365505286171354
0.493080593028536
0.336394337727423
0.472324756438469
0.409127235464908
0.531044669723298
0.394158415303958
0.49959738114834
0.569656248199378
0.711103998292226
0.39597139022456
0.424389461340436
0.60772186023382
0.45476170303346
0.572883310124115
0.476869662222704
0.457808335182968
0.586596872080242
0.29629798718011
0.553625042754414
0.525044257893713
0.6210379892061
0.610154427692556
0.465720938007102
0.302729300910864
0.590621546969579
0.32059064872507
0.511839422778618
0.480360710493471
0.345714153183626
0.557664267971846
0.436495339674927
0.581448481270573
0.595442346404432
0.428499198664486
0.651728117814234
0.356828401935281
0.34009020551115
0.523158625985876
0.426692319871738
0.394906960677009
0.485934500863083
0.306403801921143
0.423683747553188
0.47227254571846
0.626126398495528
0.420875131684577
0.523156791330869
0.36715868467855
0.338979629676962
0.42424533955918
0.434161042686139
0.448577237169438
0.460195724432175
0.308964018931407
0.313324484611499
0.561444077426565
0.389798812248686
0.520725085629085
0.397667781153306
0.324777570236182
0.474655037269988
0.409188276303063
0.674974185860268
0.400514527906148
0.416165120345974
0.555030296246537
0.462709810209684
0.236628876820216
0.42886854622891
0.41637664803273
0.391899017841623
0.449921112110509
0.568642231911364
0.404098979729801
0.315564654164892
0.530832330540583
0.643503710434058
0.467174132530311
0.506680573651744
0.444922561456712
0.302474984574923
0.619596980792757
0.38490398894075
0.44734958243754
0.234197387653725
0.236559185959143
0.538499003594549
0.553323854105273
0.278374464641511
0.656964459672976
0.47233121503517
0.569117268636786
0.440307350543486
0.503089431655562
0.263151801432613
0.531675916235014
0.43244510654303
0.440595982927877
0.273508348888685
0.509040323263574
0.357961304752478
0.691716599795765
0.392654607072817
0.430348785293576
0.263872480331786
0.586212970119042
0.444478754542035
0.61188424291621
0.60598763354867
0.352082598518967
0.394058565277597
0.423455590848817
0.655824565825549
0.552759058099527
0.313361955099227
0.455814294004845
0.458109728181949
0.442046151211628
0.462842381023058
0.430184020015533
0.373528381677675
0.381953825511671
0.479722753213955
0.487926498638433
0.408681261423662
0.407941194765202
0.587336108224699
0.474540306465303
0.514488235735034
0.412915474638277
0.464652142855185
0.396864480743002
0.323913407674123
0.467870478907068
0.353739278297545
0.37935698696723
0.555127663755018
0.396787168347298
0.338588471889739
0.635486467460583
0.482946360926725
0.476087303552107
0.374275797176583
0.393111249421265
0.289608529820496
0.390832134290534
0.660991680780584
0.586464469847343
0.31864574842446
0.440342899743178
0.520552259992442
0.574164529733036
0.432043935986345
0.76683860810073
0.361993270757032
0.548890242222185
0.715526401617717
0.260717980360617
0.553461331898941
0.575179772013629
0.313844145824753
0.383487970820097
0.569648343985238
0.2906446899389
0.365471612307788
0.457244547304801
0.579556274212314
0.57194234142482
0.780903078374261
0.496961801457717
0.486304284409556
0.425357968199196
0.556620129611633
0.398378239521275
0.498546656265542
0.572901160709859
0.420240658084966
0.458379288840203
0.285039173938982
0.449009878025866
0.504326917968218
0.550128251863145
0.408396187629174
0.210872946566182
0.376314498523064
0.44839674662787
0.730128846701356
0.461832922681719
0.528476989239334
0.590949258143423
0.425395855299397
0.473588906104969
0.538663441286615
0.363566283300097
0.384835026352091
0.678121059084524
0.466833317572198
0.47399993894643
0.426848953699305
0.393932494428891
0.493839193355406
0.608285088406633
0.506942896331675
0.47360371888131
0.500286538306436
0.376123490201432
0.359223860799837
0.521232729398926
0.536323493176458
0.480175742843167
0.662676712956027
0.50343161536057
0.458247644800783
0.459971720272585
0.591613688288985
0.466077048492114
0.399526438138584
0.580335483794022
0.450155230141378
0.458481222610778
0.5073612037712
0.411428939424828
0.590595065528067
0.470888655385889
0.341285086120353
0.61978119020489
0.579931661671382
0.365425723685553
0.49994203320653
0.27354966841574
0.352539297850762
0.480242433063709
0.294370108744353
0.46841967071358
0.625623795796416
0.351887230374314
0.47653846963315
0.556202124103378
0.475392558549066
0.502298816527368
0.39119900676838
0.478287748485385
0.350921580153518
0.675417849200072
0.683360665813196
0.347315304406414
0.635093992334198
0.533764612723146
0.387344673493277
0.571578782075709
0.394097448228775
0.695511791487358
0.310447114131771
0.624344377203946
0.437143180958641
0.433229083218547
0.53598452961126
0.524635334030629
0.229984335568726
0.442841711648016
0.445955683584621
0.371403721319324
0.507220227818847
0.499407705527004
0.418833725498986
0.365957539630363
0.428951462543656
0.403948592758616
0.392181023910974
0.546034542864405
0.554451767603745
0.257906677511326
0.395505559992192
0.45687703816292
0.545677817676367
0.408406851881151
0.504868135206044
0.433234951075014
0.576361452085297
0.436828743116089
0.385700210347332
0.483093738711969
0.25751149472604
0.341093312832532
0.250173198485822
0.459261432772603
0.424921088958536
0.485269640699166
0.412841646522404
0.523624523854253
0.39048979958686
0.676761365655043
0.506135147592099
0.608164186409081
0.436312309659751
0.466499966591418
0.484671027466047
0.587239551971746
0.393190906790799
0.460041196168733
0.585617294436037
0.622098329777534
0.250017647916645
0.380965285277406
0.338108854810298
0.522134229984887
0.390244957634094
0.492651768699185
0.685946779582152
0.560715593387422
0.538385633824898
0.46559135125852
0.726137221422823
0.583909574275179
0.562431620149834
0.449557110097795
0.325585404672153
0.361082131428741
0.385548264469873
0.462413320532488
0.58595594072344
0.570236839115179
0.402981817856156
0.530038865474725
0.562551037963113
0.305729807825164
0.538272434363335
0.409129708177637
0.594684133416882
0.535993162415599
0.445484702038469
0.702861536505647
0.615450064132234
0.366228809085362
0.727654928528009
0.425966080598352
0.334461740146365
0.637341415559447
0.530840319032386
0.283504182877041
0.250705429829988
0.627159400768376
0.369347161400971
0.307502413359602
0.549165043719203
0.61558482907103
0.56602637894982
0.377978564228386
0.668698594699565
0.437507195465727
0.626932281820427
0.546323703969632
0.486969961328624
0.60285055127689
0.412496395564981
0.443638429179316
0.56975801364053
0.497454862714318
0.368177232566816
0.600565780370332
0.568260689071247
0.285874573211888
0.610664876049775
0.463083294295804
0.461478755402599
0.446173983599961
0.377271383410359
0.495275962074533
0.524501528709809
0.357166420520479
0.61959344782175
0.385112043585283
0.502245353961683
0.533989766870956
0.512622116313647
0.445113061745108
0.340028659338621
0.423369478117967
0.69286815532675
0.460352501742844
0.399291081509313
0.595950643605466
0.497067728697819
0.507962762167008
0.47964366019953
0.593707190045759
0.438383665481353
0.522242070591683
0.407583634094914
0.556155571670608
0.778831052172696
0.508946570379426
0.495667235074038
0.330209696543931
0.485695091055533
0.626291281628246
0.362078717628966
0.341546242804856
0.286396898602464
0.247012009134004
0.406495192701928
0.462822522050444
0.553388817239783
0.26184780866716
0.555862405823793
0.486071837056912
0.485319055200604
0.566259721380734
0.390975681126817
0.44364742693236
0.465059799802328
0.416393285415882
0.483635120901751
0.362332774708235
0.505883313350399
0.56664130141653
0.38559996666142
0.629957415798557
0.370022457597094
0.451104577505476
0.316340903267105
0.558330595842032
0.711829551555683
0.409296848878955
0.475652854570893
0.466491620956624
0.472022326343542
0.541409002261344
0.520041494335448
0.684169968856478
0.252422749115067
0.75436086686804
0.367842114667653
0.436694350028887
0.217337520775702
0.242685443081389
0.308767880724884
0.445279975037294
0.497001056054106
0.498603895525475
0.381159343233825
0.264533380923776
0.558310411613289
0.668273020100232
0.472357013280546
0.588542517880602
0.435955742396912
0.381553925517108
0.46813037657121
0.585323286243275
0.412726322496235
0.505826233763078
0.394890659856286
0.388991882663193
0.547100549315294
0.477579019983657
0.289023637997494
0.377728130507385
0.416168638106035
0.578734052943348
0.677860416309486
0.461538361896453
0.568506961494519
0.42240453706846
0.408581286833897
0.375516037338862
0.284463013371602
0.542509326321595
0.414558961921065
0.451197120432793
0.259677295332292
0.481975835071105
0.564200494248986
0.517342235381218
0.556713760294079
0.451890244065289
0.462176783855194
0.350948747974418
0.414296612675294
0.415931171834441
0.606660138534417
0.439939297291942
0.551045755494611
0.364202259606034
0.446039189134462
0.726094432872629
0.35310566006953
0.419953296939749
0.383423267569852
0.561527718206227
0.53254123792987
0.365321094668561
0.295500845403812
0.506264649892359
0.446260731533169
0.501607211390658
0.391042451529396
0.561110040756196
0.253507221653912
0.614307391992366
0.522924090041372
0.429137198600087
0.452253050587469
0.379238118802512
0.518091274185955
0.568336601346471
0.4281050058524
0.426009523495394
0.631023098519885
0.492185283969619
0.639162013096349
0.546545309922526
0.235502979423562
0.614218107634088
0.552925793334692
0.464215974227117
0.353100283993562
0.34548807712052
0.31314010918048
0.418426177539638
0.395132536634131
0.423280702876642
0.4814695582703
0.459501443310582
0.442418195411402
0.465278044840698
0.18061566772905
0.334576496370921
0.506231451712095
0.368476852820598
0.448146072979324
0.367990996655518
0.217111569377783
0.606766506679692
0.372644182155485
0.543011820832692
0.552469941780449
0.374779212677735
0.558093774064491
0.433473718422659
0.267931078818839
0.430841322204315
0.72279564149256
0.387700474184815
0.392751576062843
0.420913053323126
0.486277321635134
0.528401090619268
0.428157084021269
0.618556320133142
0.488937818083003
0.222778445201528
0.32474305403485
0.463599614619816
0.327279419280883
0.282032954422942
0.678736950527721
0.505086192357128
0.57845872842067
0.469737765788094
0.468484996736993
0.402609294289033
0.709997814669864
0.4902593552653
0.466971551128257
0.511086859747927
0.496169809352264
0.632683402570724
0.502215311006935
0.446097112127863
0.562867332193976
0.34948161990596
0.47479961953064
0.467317380176168
0.65506372093489
0.430753882027137
0.278792713839201
0.371125669013895
0.457074588210029
0.520191344787508
0.648872365048525
0.477737145993033
0.377112673845418
0.51612425969899
0.527200318565561
0.283108520677279
0.284343866781377
0.433696997167288
0.567544089563055
0.525733936664611
0.454916985131151
0.575599271689303
0.466693922200263
0.385145170913486
0.45881219067579
0.407716588975783
0.414762000336719
0.619330086570491
0.463971010972153
0.388755578208864
0.501888619702251
0.456358632808
0.266184377730298
0.53897424921442
0.501153065191662
0.384556093544343
0.53122487968136
0.507938290686234
0.465995033853838
0.286578611196273
0.301191254263895
0.397913221990022
0.433297887269049
0.361848087912657
0.573486083908758
0.288152481590549
0.222052950363145
0.206903417123233
0.431573921755992
0.564780354691121
0.510187064549933
0.623668473464877
0.554206071308548
0.416053526746018
0.535081950982362
0.535224919168639
0.740444077991382
0.36913011062117
0.496832548552045
0.421851889897612
0.47852828717269
0.578562005656858
0.497161705265436
0.521041167210796
0.373691393350833
0.464905693645038
0.360293354763844
0.357609014685698
0.382104614610066
0.165621459909012
0.306154170126959
0.647654254062766
0.523647013359437
0.250772220934357
0.507340581030522
0.478184952991859
0.646117336886311
0.4265009395551
0.503859469803489
0.51045998760236
0.456529811145999
0.2221026567388
0.6379278984314
0.527462069051799
0.600782990861161
0.623502039709627
0.686025969928112
0.646940693137436
0.515039340529485
0.358110427441214
0.548470515132177
0.409563718280314
0.287343844236304
0.395373507247466
0.648781648536475
0.295981503688908
0.396356121291673
0.373978334555667
0.299333753242617
0.474539175878762
0.552409671929902
0.658064345743818
0.261887391219078
0.40614898528587
0.503679417511474
0.450225451788604
0.491150716259638
0.486896506615534
0.341237376285807
0.486673116145883
0.299313137112093
0.399398700193587
0.46010639877261
0.362764111170659
0.453015171217201
0.366037930394132
0.384907863130682
0.49274619896356
0.533094403959241
0.727544002962774
0.380739371534241
0.433319619071763
0.503316018101321
0.405652776666376
0.445336045778586
0.567607454173561
0.549667323977439
0.468701036299324
0.709325773562679
0.290538075838798
0.360551756755778
0.670800297545631
0.508636666160219
0.440618691931507
0.575488547789079
0.416292991223922
0.380869409642558
0.492161845273849
0.37290749301416
0.669120556167854
0.562624871148814
0.640503097851157
0.298347278403836
0.476426001059059
0.62010870682602
0.474608312847711
0.514666218504627
0.562408402514746
0.426242518397393
0.57523780081574
0.466664751582875
0.634501156068898
0.395470880678966
0.411523256294958
0.449050280099118
0.296363394676823
0.493005696749455
0.666099811450525
0.53807924610147
0.385535263404398
0.394617743840034
0.530229175070156
0.625610000747085
0.330815994578067
0.320311296125491
0.448391298284726
0.455833079409215
0.370001811206624
0.425236625243704
0.528252026899666
0.513435742758186
0.442377141451809
0.354803568476775
0.684975546998188
0.547931280663548
0.511749412390097
0.249768938527948
0.482255598068977
0.334630099260375
0.382641269610529
0.286985341981403
0.475123888701304
0.310076369268626
0.485395895728728
0.404716506211015
0.441723377171621
0.558080463020393
0.558052880302994
0.329816814854355
0.527826056025165
0.595305400628204
0.351486526870488
0.445945765263395
0.436992689447605
0.473114813322271
0.317683990147296
0.501365927999165
0.446185990795236
0.353780358939395
0.416030035487144
0.57131953644974
0.647423427422947
0.496799977802374
0.405320792058133
0.479800427310704
0.528726461645365
0.532060783676232
0.583689230338206
0.46589781375173
0.44845791067059
0.399772265965885
0.70220895153741
0.486060282185999
0.657848130840426
0.433077323896141
0.4724491543323
0.336625838085556
0.579586099641601
0.460970632758073
0.598982346111393
0.384075350492186
0.561685710265642
0.441189445518961
0.502425826095598
0.604188929956548
0.497831851372127
0.646952423127695
0.399679140153538
0.451409629047728
0.495598471779892
0.425933279328511
0.425314372111781
0.674604244507575
0.189397269185349
0.526032725500436
0.435785246937646
0.424371961635813
0.518055436386093
0.349409228149449
0.595154308128269
0.348906225759391
0.421543631293579
0.487515736437367
0.653357961469533
0.315383254294566
0.472841222750739
0.443070706572116
0.377787211950339
0.466090868538343
0.343875087736107
0.608476219401527
0.592957042451104
0.663827958626386
0.425937484654291
0.363275290319327
0.230586032212196
0.336591303984043
0.517673175036345
0.621142133561928
0.285405705998391
0.570440467941184
0.429321040994318
0.291788614127517
0.273461211446814
0.373223070683658
0.391546259721979
0.560770803055439
0.446684414548289
0.387957954171438
0.306865149604411
0.479093282408363
0.257249659591503
0.331186509470403
0.627184773467641
0.32050759412319
0.501696331119837
0.368601308909544
0.442319004949138
0.49346484680251
0.568591343235934
0.246199437186733
0.326885727171739
0.435154627922142
0.222044631041994
0.599621982006917
0.288297592535665
0.358601665903279
0.223526794755582
0.473653521402468
0.531977448424789
0.502390607877259
0.506155221997963
0.680807469652716
0.565145761421087
0.356825068799014
0.272053808064714
0.321539662108749
0.662380399916909
0.431846644370654
0.352040533575013
0.573590479121304
0.466383909140899
0.699709651515443
0.597326389318179
0.319224394607646
0.613533499871728
0.308569115340874
0.713258924968025
0.581827770601379
0.482835648124684
0.439586345325559
0.632625207392788
0.309114666613343
0.443286594892241
0.305659736283581
0.375069955647156
0.518491159153752
0.257302497153675
0.270959414226069
0.339367260010053
0.386909401088259
0.425016479119516
0.428978929969352
0.682431051023477
0.52712677231335
0.430750105409021
0.364903653787668
0.518798758210003
0.529972940687772
0.465158924463866
0.206483654615142
0.382761058048148
0.415350714924084
0.397541023661605
0.637710540326934
0.538215850924368
0.584121316644772
0.437616818553111
0.434982624756748
0.583440689964005
0.486154089684848
0.432248897728261
0.477361608083452
0.59373364543865
0.608002558026431
0.476355032423835
0.273938586122866
0.70673621197232
0.589569926226622
0.575601430067836
0.34280364566387
0.612782226762552
0.591969085005261
0.274826310615894
0.345012113960969
0.285058234500616
0.378398002779612
0.540464152212334
0.473189665832016
0.492566984521373
0.249926199627383
0.637019867723267
0.679911455636094
0.431822277146291
0.298156226467565
0.614038889286224
0.531617967318255
0.627667715357158
0.571631036279841
0.434594600178183
0.403630317365816
0.38351177904018
0.575741545553047
0.53575421211567
0.471393789700584
0.474684322755279
0.534335242428734
0.310067230123737
0.632312757669231
0.481110411519937
0.726494100127228
0.513418975739229
0.473707662889894
0.393189350065551
0.615350728942685
0.643442298607074
0.513915344079698
0.617749796083376
0.603915804239881
0.55715545235693
0.58587996998483
0.38344265730546
0.457110692268099
0.393056990728054
0.591248679744913
0.46156435568952
0.681585630215294
0.501694745687382
0.559585941274096
0.511585088727594
0.378140755923525
0.366727824022828
0.531710476492369
0.353083277468875
0.409530774597007
0.479026709313884
0.419279174578742
0.504480387141703
0.297077194448759
0.467791439344066
0.567774341538628
0.798521455272836
0.462666365084725
0.644430862798854
0.224988170002403
0.472252017182316
0.5605951367039
0.454030310742722
0.432546435115073
0.540323815410464
0.206452457754422
0.549978941971222
0.625641668287443
0.325776670424588
0.544199232622598
0.405662916219904
0.476352648373542
0.260516925494608
0.493566783207751
0.352767967791975
0.476279902396263
0.512005310653601
0.521527416999485
0.26472101637765
0.643232830507801
0.471942763137952
0.570076383268991
0.589554968597966
0.414160165963189
0.562504035098351
0.470313534721938
0.552294488781673
0.245187201105095
0.497873330499526
0.477442317935899
0.528408812406776
0.626978501221316
0.58808267922455
0.378433650010072
0.445727499976643
0.473631263383892
0.439705286952945
0.403987205019071
0.365802468026406
0.368290864172623
0.354717969713964
0.416698004919891
0.229474768974807
0.362495044482763
0.533229307531337
0.433634323818728
0.366116322154806
0.43708124777589
0.548642974700322
0.615329939702355
0.322922739214104
0.469985639825898
0.608404444097123
0.665978824755716
0.457672626088227
0.548327599487831
0.610001425598606
0.558535059582824
0.820550803439775
0.304332427483396
0.464810896142142
0.423190330324972
0.574058644211292
0.60758127042816
0.529086381269199
0.643259292610308
0.404309267184611
0.639131113057801
0.270464044971422
0.472893903451627
0.501869491117452
0.256325032400107
0.357616392548387
0.484083439894042
0.623420337592554
0.806787605351927
0.503670003980829
0.597067464658668
0.364979608949562
0.462775948875177
0.41206083904337
0.319537566979107
0.60094677238511
0.620846835271314
0.35169993991637
0.471610235705624
0.595275291843254
0.508287331805
0.42296930523644
0.269175311437656
0.332532630359044
0.361281542516428
0.499047646708623
0.457052325573613
0.429964517457744
0.362732006111714
0.333899641811131
0.490165453797825
0.392229828375115
0.560736465803046
0.367131980248677
0.443282036806356
0.498986362242487
0.349587925856222
0.495557729697077
0.280831691299527
0.596124396063479
0.398580625697304
0.572484009653605
0.284031729977224
0.41317294105721
0.448660406408081
0.538710272387024
0.525818327064458
0.414232989225892
0.570777943942047
0.263063749750078
0.474685078982156
0.518320683114382
0.528169797820729
0.600128300779789
0.643983471272686
0.583475826021388
0.534833633791052
0.45511702820584
0.387059292412885
0.40165008936522
0.611092091112689
0.502644140891041
0.532168727339729
0.676990301266512
0.479707162497313
0.403264345004895
0.531018954620493
0.342414251303925
0.437022260452911
0.521772663094689
0.2986721220673
0.518822095217163
0.474485520884784
0.704200405393192
0.420236818277068
0.33031630725578
0.500277093596595
0.426434422671705
0.712511172442938
0.613016244764993
0.379796425856839
0.770853557002343
0.298426137424467
0.474795359385901
0.364684770064815
0.533769678184002
0.454550594031296
0.582878101353137
0.452430640295335
0.479354420394055
0.618980348231148
0.414765107300904
0.546761719232969
0.350605909020378
0.639726025896579
0.286490507049643
0.474368380434952
0.300713881017009
0.569247533696377
0.590098792920222
0.601305731532411
0.336270670140948
0.635790204316439
0.589420647511269
0.408896578429841
0.430539914523148
0.429187836645819
0.443635189178668
0.403228792206353
0.653331760522584
0.567870003660131
0.283884012379818
0.557858495546831
0.341114128709833
0.764573044381764
0.432023728273229
0.499782453998397
0.542683433522763
0.765814202684958
0.521762551072637
0.811966709516542
0.444001654216332
0.497968834229473
0.52623954439635
0.577561001921761
0.40814095147075
0.452882395744869
0.640733154878745
0.439231529620357
0.533052857371444
0.595981878847249
0.569979856131006
0.487702132878223
0.457015810187542
0.511429947111773
0.549700303044453
0.519087127555084
0.480728103751788
0.32435568989713
0.374133514534411
0.393715458355787
0.53941980092937
0.374421603039987
0.361770487396051
0.441416834721293
0.630179544264279
0.686121779637984
0.416580072390206
0.427592663629341
0.534009105833686
0.444913075630017
0.523105123418634
0.529977597354135
0.394351756572465
0.585639772717972
0.346664601333888
0.644678055497687
0.360370033050857
0.405908389849293
0.494826576192891
0.332377930160387
0.43982937589108
0.569137885891771
0.731664974293791
0.540856859187858
0.630593027930196
0.548394240874015
0.495651551944267
0.372280928471349
0.209655507584378
0.501608488694735
0.606302692025548
0.390334295298673
0.45508674935666
0.230433497505372
0.41851283550337
0.474752526446784
0.665268296389328
0.694116977191387
0.554051848857188
0.43692529504621
0.521467039344601
0.292518720611871
0.524142397294261
0.539024291161488
0.498638728897706
0.398444238810687
0.280959645238876
0.342072640263991
0.558148484142172
0.570567574121274
0.450565876433973
0.522966655200802
0.568946510477351
0.360064485575037
0.563927690880449
0.574846941046178
0.4283447061078
0.561945564859789
0.467503880419782
0.479792204281836
0.498897456290514
0.637308523250519
0.308442122612589
0.415252974913475
0.293974528347826
0.381948619221239
0.432424222280428
0.479750129951562
0.35521225514352
0.552200242566274
0.534054305033403
0.547359070554002
0.384285342513511
0.495125994110812
0.487234409279883
0.471844631119629
0.621314604078342
0.265296242742891
0.538674984010301
0.300188435044677
0.566286075635027
0.497464648993252
0.388729998477877
0.509517874565274
0.413640936828997
0.441669115283498
0.457397550030856
0.428384455344587
0.408501135812133
0.551117747029502
0.475077168828694
0.435402717430916
0.575759066350985
0.632916225000304
0.595003228615887
0.561330512577121
0.49911079795904
0.379915959195887
0.384139575737562
0.483213521437344
0.713917120667806
0.432555508466132
0.443870318248021
0.38643755881578
0.441355917330661
0.297002730939729
0.338956751490514
0.542106995576445
0.405695540056055
0.494388904938884
0.544269758356103
0.558791375406158
0.579187538798009
0.468434914561607
0.299701936346694
0.438254543854534
0.288228600239071
0.586029609260309
0.562203455706507
0.417183712777967
0.407739088988086
0.59121778918159
0.318014193404049
0.456678926753945
0.223179040783742
0.665313902732809
0.438976856670133
0.752968301212303
0.566542268770506
0.52561815089631
0.230269873428993
0.366878087615592
0.405429226546466
0.254326812376339
0.562286607933552
0.641704977316719
0.474743451659584
0.470332484138743
0.714774403110547
0.60689743477989
0.426110410226251
0.300395654363374
0.256060174365594
0.324082724256047
0.559892655179417
0.233863890205115
0.545742464030089
0.359488416793434
0.49404251684677
0.346259845202428
0.545788447619435
0.349400336800515
0.203184803452986
0.451221651948134
0.46660737250954
0.245792371433343
0.417095980935873
0.316343204137894
0.602895727179625
0.641554141781606
0.348352960980938
0.560613142120484
0.242879746037104
0.432645925256853
0.304247650549295
0.365201147530987
0.325835258619689
0.531330985071968
0.439646503236495
0.345090565323041
0.250500303628037
0.532869329942067
0.677208809534338
0.587509952344
0.418034478171394
0.53600257437999
0.526886876258724
0.388711497560546
0.695133109367868
0.627756201047845
0.504390195619922
0.383355404316459
0.573410658423886
0.689160381296957
0.297573075563361
0.434455652694991
0.651974670102716
0.494925360554787
0.444641822618393
0.299342356538094
0.39742476184312
0.231686471577033
0.271958718326358
0.529295414547266
0.410976461473851
0.387892526134339
0.409484240557096
0.292825516631539
0.475834622266758
0.413054223911832
0.272515329389353
0.431207981716392
0.634057629942655
0.633685999918283
0.635397484353932
0.396541322827808
0.656616185070448
0.414073102461464
0.345118753584528
0.519013505736541
0.47209983353345
0.454356167518033
0.422572192223247
0.357415786566041
0.317992003375321
0.658620621676862
0.537709889680107
0.548897459729304
0.294566989564585
0.292436407749608
0.566516960361878
0.310165363698585
0.219788030541098
0.564774904630629
0.423502710615537
0.637601317789404
0.395823407688184
0.437940395247749
0.450642751158138
0.375223912215785
0.456867531394389
0.733459625551978
0.449430004926036
0.360245975766004
0.447509384718461
0.499740410667793
0.38196591647418
0.602312630449602
0.585011756266272
0.523480095411916
0.409553585177369
0.300340302153161
0.30007252855671
0.476509692143698
0.313633216342219
0.285946003904217
0.36698697478451
0.45847576517604
0.470545154029869
0.235238318778325
0.441953690160049
0.707987272390801
0.475139866295095
0.279988504629436
0.598357287839145
0.292133967376327
0.28078652325943
0.273803219075121
0.541352495235643
0.36725048003018
0.74535333002162
0.278546911967701
0.66675781433915
0.477801859600431
0.552501615520473
0.653442145887648
0.585943442796636
0.408851425597261
0.468961917228586
0.426888595075037
0.499739663204259
0.526190439581817
0.369157867184883
0.331061958766293
0.497780435680459
0.389703566569014
0.55124564172402
0.637388630175201
0.649240027056077
0.665883343236583
0.532640373417886
0.305504613223255
0.213932020868181
0.211361965147478
0.678930142520516
0.486743877538827
0.507166944810068
0.544479563546023
0.633045054969976
0.691700138135951
0.515794874746594
0.510756638652307
0.472645535903075
0.463888693836639
0.50319155267053
0.311766671320664
0.435822032677998
0.383685075059878
0.382023554152574
0.617629875988226
0.386613314147547
0.618651620508669
0.389471113016104
0.448727401451607
0.631024278777354
0.452048036234241
0.468332609101693
0.450950020831928
0.478921514263653
0.464358959308111
0.486153143239381
0.468008485426179
0.314777035835392
0.488203263056554
0.469410535444954
0.402319854418444
0.250903648178421
0.480117736522296
0.62901145437864
0.518527335515746
0.449853619728599
0.48362178626975
0.570788996097472
0.351704022267222
0.480826711874732
0.447911425740887
0.29781471953982
0.500375144203061
0.629378807120555
0.452710106146949
0.490296913173212
0.489626752820072
0.510792327834456
0.419576009129612
0.399762120022728
0.757245507516099
0.26084705789531
0.480510303340005
0.185584254770182
0.421227826344595
0.672397835924999
0.643325137747579
0.541499525871516
0.421575891685091
0.51897405801353
0.465878942763379
0.43590399122957
0.295368233584098
0.825111974617828
0.495929314874973
0.433984874557931
0.269924920663991
0.439294562695887
0.633301110301591
0.545640632827949
0.446645462182843
0.615559555552959
0.197407565037617
0.49643336082317
0.497632121414961
0.445310470206012
0.551294395697735
0.585902428682216
0.776157010483011
0.459855589354039
0.445239414940568
0.578503810639741
0.356350299150154
0.512802361703046
0.330794708827865
0.220677982476147
0.457841928262247
0.558003787927466
0.555142385913795
0.56438858298585
0.590003786474076
0.356043940162015
0.376053458333332
0.222984859039489
0.506852997148964
0.18395016662174
0.508273697848269
0.380068925842446
0.222538610108563
0.462061822852404
0.54333713950642
0.442053818074108
0.808592716379951
0.579383363308636
0.642153444523109
0.411139327357322
0.283216969130156
0.385651973988153
0.229506471148855
0.409801106211026
0.730233427482531
0.581920482701344
0.723134209683485
0.502004807099865
0.421319998312492
0.554006130304935
0.529314304347483
0.480377738682006
0.349791264552336
0.53838636664984
0.470299607403119
0.473268989059034
0.578883788041984
0.499617052021531
0.222236474456575
0.202154491746232
0.351991387756601
0.536207585082724
0.620253866452101
0.307805593938371
0.674810379116417
0.580070557342294
0.583107100254226
0.503931418059275
0.453225533524119
0.411945813515387
0.519808295391419
0.20942185089104
0.478385814395389
0.425517224371715
0.689237099011958
0.55629874396462
0.190223619297016
0.770744817169985
0.551179813665747
0.310499823201281
0.308552659722521
0.57258679789467
0.336775202801314
0.412817938788557
0.438110451339168
0.376663936104733
0.390192557488
0.539100981764872
0.347198156330646
0.403223570563645
0.464132021087593
0.462558271392785
0.44239476408957
0.238917729120702
0.37433641306494
0.408659141861925
0.574284543642293
0.375922385605441
0.509417575886536
0.463921650702026
0.207713242928341
0.395168791083835
0.46313331328567
0.400824216819698
0.496100430691895
0.442114214167646
0.514405934201765
0.41505764294667
0.201933544026095
0.555070400876202
0.65154817466467
0.513812881125136
0.328729059300177
0.550828693796266
0.495856782045972
0.475994964646927
0.308356735634456
0.499710266786764
0.413381321213346
0.392746558509937
0.322288390020726
0.496514686894265
0.422265205627075
0.422338805309687
0.585321512059515
0.308119973584319
0.435247318583142
0.348499861447674
0.378371876828644
0.529285932389268
0.39559280590337
0.572240922714676
0.31838115852606
0.517054535731021
0.448727401451607
0.498447306329679
0.464603139066795
0.458604940635512
0.354316870044791
0.42483265241878
0.690531743876607
0.627794362115022
0.403954016373693
0.585890332863114
0.588310942317598
0.532332967686007
0.495289691115429
0.366815351473857
0.383778358310712
0.481327394713156
0.400565248360323
0.58636160286535
0.255836446347165
0.503734081088221
0.290054591414496
0.627583630616949
0.318416790061169
0.25905539099341
0.624334857675166
0.395011727274445
0.42400635307308
0.328404073802938
0.404982500698507
0.450937362292806
0.290053746197907
0.539053458649728
0.389224092953236
0.302650110934699
0.655908029457024
0.368385877710525
0.453117471854084
1
0.74236199089643
0.519602121008542
0.487888272786645
0.373674912880747
0.564385550494466
0.376854958577216
0.458739361234585
0.480147020925856
0.445239363807972
0.344459412609081
0.521088810950087
0.214214759229206
0.443226854359583
0.386325510104171
0.330534736126662
0.634555641288398
0.370180975968271
0.27467769663097
0.42904073814374
0.293413479530519
0.368233617490661
0.401593373260504
0.607530770482797
0.380790912146196
0.538207599371781
0.514186140052191
0.278983715527227
0.392309423599299
0.485137566164852
0.421647031133301
0.540205361551459
0.561588322873137
0.484128643739469
0.486788984229163
0.702082899622161
0.428793863671506
0.18428601240729
0.578375760078645
0.375630091844919
0.457232997599056
0.537410807172618
0.568491016681404
0.444973117754713
0.517595676701336
0.537081829183034
0.52009571089096
0.543778271785562
0.427870728575412
0.635282861060643
0.463384593867196
0.244742604015296
0.391017777325578
0.462220200074442
0.569142807307853
0.480624558085366
0.619004864654717
0.729584296226074
0.489138032317088
0.563445751618347
0.405658310234533
0.30528008275826
0.481431115536488
0.514071827521232
0.480676069489508
0.488129214056453
0.530214532195248
0.561069476493632
0.676304387791864
0.459384807067536
0.736743774971285
0.469235114458891
0.628195354886161
0.540732353122175
0.310103264925544
0.616626422368452
0.337576165280423
0.631485784605094
0.264056586750948
0.564666698223181
0.38431323200053
0.534680620525041
0.59553126713962
0.355013380453789
0.399511942664875
0.628923884391045
0.573061882594928
0.492064858798153
0.521028806421072
0.258837295313687
0.643396090119667
0.600577423274012
0.458691354604091
0.575844760677992
0.51369277660277
0.248245375041668
0.371765451511272
0.443892257367506
0.435847039875522
0.492094051883719
0.270505679621951
0.673083087101436
0.75651957349821
0.508164532081593
0.744218573391796
0.484383390708793
0.525259956308004
0.358280372335197
0.356241388799813
0.463748582071852
0.775108652922967
0.525739701808963
0.282184556993675
0.333027187964481
0.237198547183308
0.496150018966643
0.458911437570237
0.569686628127387
0.713545361527572
0.483965034756954
0.366343765812336
0.650519585898945
0.312614102823945
0.324397390282028
0.556673931823888
0.286159160761669
0.470175664864034
0.274979797931224
0.62244764898574
0.433011892501057
0.609842876200321
0.440886140241903
0.704591455307532
0.713925896056807
0.481220250960212
0.396868691524753
0.466300451526326
0.474222487450757
0.548660648661251
0.274119985692018
0.562830811261978
0.395124719842326
0.497982400950424
0.234624487603022
0.34512948004585
0.664624818986771
0.452684626381685
0.615966207197314
0.556134749852457
0.476468133943793
0.57560819308015
0.231229848289857
0.424537336478888
0.561002901927617
0.506177546614161
0.644908967253487
0.508512762808028
0.627590193151039
0.39910631518823
0.65479223905837
0.406254971465919
0.38194286284116
0.280679485372464
0.545347662116378
0.577793893655529
0.649240121761866
0.428657798451967
0.572439966854167
0.392300473247764
0.436322219717094
0.454059040003135
0.213107666219636
0.645591067394122
0.524735212061881
0.591700890077355
0.396868536168126
0.518158484123869
0.388968267070053
0.294410924632101
0.367041174850511
0.56725130601797
0.66494164892766
0.517569089544424
0.365804114486121
0.351610430265979
0.448085837488007
0.574761864618942
0.551954217295443
0.408350711045626
0.216721765849203
0.534327849442676
0.324231883555974
0.428526299742547
0.752130982877215
0.248656499552118
0.404602889998581
0.498259849268587
0.600930997006177
0.444128925221143
0.464540353981474
0.344806680742913
0.278241531014418
0.427673687323548
0.691892751668557
0.28850252665943
0.508204598940758
0.609098199747301
0.498966097522163
0.406477832013571
0.423125241066994
0.563063182460035
0.488844498183293
0.648211538539941
0.586237905603291
0.555665180528621
0.389537834322495
0.427466221829089
0.521853775307991
0.645754927800434
0.239582404619393
0.428673786336774
0.41599659899703
0.475721844297501
0.580841292600067
0.579565948228673
0.435891462805361
0.453891619673973
0.486349973652579
0.539268842369386
0.476887418036476
0.662942139091405
0.458265539124347
0.292713670617511
0.513958424002014
0.37229416119322
0.310856231122052
0.638084787736326
0.469393249454578
0.268043931809621
0.45828670448763
0.319334327809593
0.459135096148202
0.446568710055608
0.612868932497141
0.383842378327139
0.463405325100517
0.508829090121258
0.618394340346987
0.533209140402593
0.466442443799814
0.34447142701409
0.360610716235349
0.552621452257283
0.4399809880159
0.424236089415085
0.227640900631357
0.539206615264057
0.412819186746319
0.427514946949158
0.569548059922878
0.403600531098125
0.643939443497697
0.437993134048838
0.436160083155063
0.374664181732888
0.513590103217837
0.43926016036103
0.548570952941054
0.359138703255119
0.433948723404648
0.567492432690448
0.554444648962048
0.588649511119605
0.287876843620347
0.551414332149366
0.469274531163445
0.700123343159312
0.555127277948544
0.586081653196375
0.251477572941142
0.223128406187992
0.570038255220558
0.652319773646748
0.715931548195226
0.304433081729335
0.251557290227218
0.394525504345125
0.706374976743427
0.566556641908087
0.312005255848479
0.367333527624683
0.298951875462957
0.182753097077541
0.711305266080346
0.241344936850361
0.417989412622183
0.529190165262045
0.616549322286455
0.82317537162183
0.556357371123899
0.20394822573043
0.270277949303388
0.549482942252398
0.567560516010478
0.497976090378715
0.573635297673021
0.573240155227046
0.466103431102833
0.187316171638524
0.492982436888636
0.388541291277443
0.511539985181252
0.797625963289418
0.472548983491916
0.238645122687895
0.408234300634811
0.421909050856703
0.459124046538011
0.652520024663049
0.339409082519334
0.545211860973482
0.42466753534152
0.62143051570004
0.545043929083535
0.340893400844402
0.332144331254547
0.287966613462185
0.541949548614998
0.244739149765233
0.454351014774165
0.499234475589155
0.576842713315777
0.44772652761253
0.654912522594362
0.604967366865644
0.162974067518409
0.61395311204362
0.394906042614217
0.694813330407188
0.533332054237132
0.260854475101492
0.279424762202217
0.313313414820424
0.175427634917762
0.682135018811157
0.826549629526073
0.717745570493355
0.395818390305988
0.267871403410285
0.263335839895873
0.343510984453359
0.633784981268146
0.580867482107424
0.395781805918491
0.421645724446434
0.474250022928669
0.431901586213995
0.543837049562295
0.366243874624074
0.728683563096999
0.459311871064494
0.426504430224488
0.235343419283853
0.483912081272645
0.487559270489936
0.37798127587479
0.445032531262468
0.517472068918567
0.681575908856255
0.478668264139056
0.430538034752852
0.380298459101563
0.553576561041921
0.603775795689442
0.58546424518883
0.688675131613112
0.429541542685352
0.33014598520821
0.465450004605505
0.597777894204993
0.661597603192716
0.647785979148019
0.412908171007445
0.59320958360119
0.205777392149418
0.420084220302388
0.421454952241466
0.290090315170658
0.479313050401321
0.58881657169587
0.541717068439211
0.459680126280364
0.284131288016115
0.729618990610581
0.197488819581151
0.36517927688079
0.502431835043808
0.532649823533685
0.591183029784651
0.558999646532256
0.578450599780967
0.333501698056837
0.521508565057793
0.471389670567581
0.461120931159175
0.198726031119532
0.218115848003368
0.489608550369134
0.284454085031491
0.529663312891267
0.589531377528921
0.706231025902598
0.466157604405264
0.524566010896873
0.677002958394979
0.433613754190891
0.555313210166653
0.453154733037273
0.437051777227571
0.327666258934431
0.31002288841539
0.496703051002464
0.353653920340987
0.466791455432315
0.316691843788311
0.389064620909505
0.537660438488469
0.423030117882122
0.655856100911646
0.60892979429839
0.499373484547246
0.480873470358926
0.552680644833163
0.706031161727908
0.271039392293349
0.420814273465326
0.437185209331864
0.316297630237841
0.38965785133062
0.325032633507577
0.425853036430403
0.485695000536665
0.546225389562965
0.536997171033555
0.475596294296975
0.524636015534876
0.721152083894788
0.518111667462387
0.766445459118228
0.4790934110919
0.357984159987204
0.412397471339657
0.31020097716555
0.658025040397039
0.691511214264887
0.638554031873475
0.273076725282622
0.415577665649073
0.477147133201344
0.592505474866534
0.485658192318568
0.651126302448515
0.552836941015281
0.379855934098079
0.302499455124859
0.212728395856739
0.520025146455208
0.19470416518176
0.596325835357186
0.47247650025204
0.497511882073478
0.28695545506811
0.65451426806035
0.529366664796438
0.294575852987787
0.508685204982838
0.784021378268218
0.69232723312013
0.378299621365214
0.243924524867574
0.513087404880001
0.420061848240842
0.781382903161661
0.345506241837121
0.320091403645917
0.452749164866569
0.583604291009849
0.285130244678799
0.52850944890336
0.68134310193738
0.667212039368406
0.66394942556075
0.486581365950742
0.62003482348608
0.468574585438096
0.316005971171463
0.476773244000055
0.196901556566862
0.514839137527122
0.32240816462891
0.768977346369858
0.263779465668589
0.394698026804707
0.39636585405924
0.528837364176537
0.536414480058226
