0.0735003295981618
0.0257193507347674
0.0341529113190638
0.0309013648334536
0.0797060762280564
0.0333170802438404
0.0679359021394396
0.0292525577848676
0.0587380476929215
0.0231360290481902
0.0185659532557452
0.0631550786571313
0.0303688866080703
0.0484603445405208
0.0329170485308315
0.0235791990165958
0.0636821469665314
0.0676099586993619
0.0648154928647407
0.0543332786610203
0.0798398680737147
0.0940310732841132
0.0250528547495829
0.0193868484798835
0.0222666405265209
0.057563121450522
0.0441140803891525
0.0340693142073471
0.0640536982001994
0.0742823563652514
0.0237259091472371
0.0699301884508919
0.0233773454246254
0.0662053828735397
0.103192866476868
0.0237608663957698
0.0159039972483587
0.0410269691202429
0.0843074811849468
0.0601942233772989
0.0500925277891098
0.0654508594254375
0.0455547108074697
0.0649309665076863
0.0545047581816576
0.0800057420656516
0.025257228339694
0.0392452574524805
0.0488969941322032
0.0868846913689117
0.0683788583092409
0.0490154644641793
0.056479628171384
0.066528173896876
0.0849160771638755
0.0873434936969082
0.0996820808631273
0.0652768862222023
0.0323270119623211
0.0504986623054054
0.0627134860958471
0.0332010117490459
0.0360051137416693
0.0363436935473373
0.0779955295799185
0.0198033129493662
0.0389636161708314
0.04486087037962
0.0899231688864159
0.0359845332179803
0.0386311335681183
0.0317995821773986
0.0191607217527548
0.049880735218809
0.0450558557052338
0.0425428339512915
0.0407221581918192
0.0374474821820521
0.024652777574327
0.0895448673206694
0.0540907769819253
0.0451858059355219
0.0238512994217181
0.0167291635822046
0.0418563007611521
0.0830354668920598
0.0598800005700724
0.0255832842862857
0.028269650553839
0.0616322030912848
0.070094586378394
0.0662540450645899
0.062576502275307
0.0384308202066307
0.0347898898490709
0.0208058951101217
0.0536076308267453
0.029936257572596
0.0764581389756941
0.0298485760649409
0.0751312171037026
0.0485875890544991
0.0472960728922994
0.0795043014098631
0.023494926442671
0.0721687336794536
0.0307895742035635
0.0347307917426674
0.0676022083052667
0.0408514593897958
0.0165030661753145
0.0326647089552478
0.0381065407046208
0.0491049800643433
0.0460468067223339
0.0220284171299659
0.0518357432010784
0.0583550083986762
0.0174791274649303
0.0242547247614874
0.0371488966159459
0.0220245084044586
0.0383399036115172
0.0289081950424544
0.0177226147076981
0.0504079520320705
0.0620845763414457
0.0540483550239552
0.0190420201562335
0.0394695452533761
0.0784772014933282
0.0504045349178096
0.0322506831282608
0.033829450947954
0.0401177095933474
0.0538284864868099
0.0566575832086813
0.0607623540310707
0.0600763450935789
0.0257006390215223
0.0294952512535481
0.0215126169491808
0.0212783917136497
0.0795920631267795
0.0568482391500434
0.0658623157570319
0.0290288134611238
0.0214774293643192
0.0310883100912878
0.087421611776929
0.0449787420828113
0.0674454485427036
0.0387941478656109
0.0393895152747708
0.0490819510664987
0.0631276063257488
0.0409894799312997
0.0160270130139116
0.0473232223559609
0.0490774078934342
0.0393767845652063
0.038084480848993
0.0528929923808171
0.0507942491478827
0.0196274364755945
0.0427776072504791
0.0314415915004381
0.0234668692738435
0.0274731949781438
0.0284145288753743
0.032660964662387
0.0576676114634061
0.0716417858557905
0.0158095430911946
0.0175525037648626
0.0445723275079968
0.0729578822919431
0.0397905469536888
0.0458183498903413
0.022836704250784
0.0369281657599336
0.0713603549358102
0.0240981489649873
0.0245837305911102
0.063645698123418
0.0721048447795871
0.0178765722307741
0.0267468397847182
0.0574831491155245
0.0432566235423688
0.058612525024996
0.028157395191573
0.0340037159363053
0.0677434650361381
0.0387975909998215
0.0210126044010946
0.0789558612060576
0.0260024416408304
0.0403374754453021
0.116327014833017
0.099487623494658
0.10447397837572
0.0779614176459129
0.0404520413808536
0.0934307596877844
0.0318948617719015
0.0266200028292371
0.0214537242103306
0.0175922913458278
0.0350428237705853
0.0504347283072223
0.09077325506137
0.0214580440517369
0.0540956368138896
0.0707566081781357
0.0361144610315064
0.0257998157755174
0.029130609958764
0.0340062256397259
0.0167636442393987
0.0713802960853715
0.0571347012310906
0.0705057521387559
0.0364656746753156
0.0157768910952916
0.0267519144291466
0.0330528271161886
0.0458919665349707
0.0682638188469628
0.0808458891403089
0.0271685858899
0.0874299936862348
0.0270885999986143
0.0172163331982837
0.0757343502766837
0.0609320070252113
0.0612353239718939
0.0314324192253278
0.0306702151660207
0.0466292102929582
0.0561790289656594
0.0213312555197755
0.0306624652067857
0.0562848478647168
0.0960763119784967
0.0574437877167637
0.085071840563126
0.0849739512204368
0.0816082439159376
0.0284847323566283
0.0637696464587128
0.0943039333491177
0.0829854249314065
0.0699021842506004
0.014164665988818
0.0365659505910652
0.0287527234823315
0.0664061164339723
0.0499528235360416
0.0679659765480933
0.0654106029959099
0.0274686738093901
0.0245287416388407
0.0241227458571091
0.0243804098102262
0.0212131681476293
0.0289652694188507
0.0250175696178031
0.0509581264265763
0.0339049407972882
0.0684884960005072
0.0290571612088738
0.0506723064590197
0.0414673000868971
0.0184952227678967
0.0316281532089572
0.0629703331304099
0.0230494586734042
0.0302900100211135
0.0209535866568389
0.0620644916320589
0.068301737922462
0.0221074819682201
0.0354600010526784
0.027387466713644
0.0678095902442184
0.0365135957798795
0.0304567855810895
0.0569419082237566
0.0408981397148254
0.0294532950737098
0.0248791395827505
0.0650399562126188
0.0735813879903771
0.0281994590916901
0.0680427336429902
0.0842644034212086
0.0305484480438184
0.0355715774507266
0.0153376359862378
0.0352798494271025
0.0735425218320902
0.0339330126934511
0.0180191831321351
0.0581784964209897
0.0603737860510438
0.0204439237072123
0.0743606877885958
0.0383001451571474
0.0592481600151182
0.0337808941149234
0.0356241715028187
0.0471806718813997
0.0193367353963639
0.01724800023882
0.0445490880547751
0.0540227477495298
0.0297629482565384
0.0491158766462153
0.0358825898567529
0.053626652764191
0.0296182085193329
0.0412289316968759
0.0232806294241295
0.0531987296275375
0.06820244776887
0.0305846546803036
0.016814612205191
0.0388931666472362
0.0489854410189045
0.0441546485490329
0.0643155284130483
0.0394987596177482
0.0284971825577432
0.0740348096447504
0.0383264631606875
0.0358832869753723
0.0499040247745871
0.0335563028401767
0.0611660571837268
0.085855124405035
0.0607928033471202
0.0667902259838002
0.0271142271840532
0.03788213840193
0.0153991261991217
0.0389023871385081
0.0577389403974442
0.0900092867720591
0.0532041711464455
0.0415147392038062
0.0794623415429539
0.107776079658115
0.0335035591629027
0.0480414680907183
0.0802426890679382
0.0140383755701868
0.0722798528562396
0.0716801072277546
0.0339087973888176
0.0622552818157172
0.0381421278149806
0.0559278503244142
0.0884699900254456
0.0814692483217948
0.0615646068523023
0.0331633922340937
0.0369421341577812
0.0550906868974595
0.0631462474774569
0.0343558512825947
0.0322104845617699
0.0517710258500702
0.0335034001676331
0.0577896901456848
0.0869915883292722
0.0198642884185136
0.0537638723267573
0.03292751431264
0.0159150911933319
0.0276163194620436
0.0417002785922913
0.0797345388175308
0.0755508495393172
0.0517377569201978
0.0435581685861873
0.0327513929259749
0.0264619136242686
0.0504484932328206
0.0280629138172232
0.023728972037234
0.0264768120593274
0.0594933462401122
0.0287361228813782
0.0310939703324313
0.091582951494994
0.021266369806267
0.0674462176877015
0.0163705657998784
0.0366149667524859
0.0630844811762902
0.032040735783337
0.0267265354260237
0.0232542637392442
0.0432285736802572
0.0421360434349342
0.0228054094724579
0.0495489753294238
0.0612290982613641
0.0298531316349155
0.0651606791511172
0.0578249570354287
0.0459747815081212
0.0464810540429849
0.0683008405788163
0.0683914132372349
0.0921355743920467
0.0438041663328783
0.10389284207085
0.0679426307712931
0.033637794005404
0.044709021892361
0.0506593887559623
0.0637291005780691
0.0161321937078497
0.0587902734936821
0.0229687795666931
0.0286075839113754
0.0239505898031099
0.0586046785527496
0.0375245162512999
0.0381873835037565
0.0677724039239685
0.0607549642368378
0.0267444296422069
0.0665390676387603
0.0498052334002679
0.0768321562015921
0.0465318181570842
0.0693407353986803
0.0196031364394832
0.0631741331384975
0.0509490414369776
0.0821106166132042
0.054571036421693
0.079645906937584
0.0653693136072274
0.0292693777249965
0.0203060232167687
0.0839234670016409
0.0421591901680962
0.0458777234447331
0.0611871953155558
0.063716144543322
0.0450627649355216
0.0387059325966296
0.0283404429690999
0.062892811453623
0.132055046525655
0.0436416369532526
0.046021071322652
0.0837248471440118
0.0805799713414597
0.0627992897253342
0.0241247468451669
0.0489851503939132
0.0594861536760159
0.026526043766873
0.0270894176487981
0.0465689392029935
0.061790274930922
0.034330851938337
0.044881957025059
0.0205475511474919
0.0447083882147592
0.0269686755372549
0.0222503209002059
0.0346633699045107
0.0847943617736135
0.0629284050391031
0.0388729492896983
0.0861640202737775
0.03191738736232
0.0252991748507075
0.0208117783866992
0.059455925317546
0.077174492425459
0.0273370469849647
0.090262202584292
0.0907333179778211
0.0710928613781365
0.0274611892785092
0.0460815269303903
0.0948927428313986
0.0805185229360368
0.0917012063403525
0.0276677925560557
0.0904507031186847
0.0670818596949243
0.0864405645470637
0.066413104881639
0.0289651500120883
0.0273598311952131
0.0585790229033818
0.037457415339346
0.0701169947996482
0.0447374386518858
0.0415421181818942
0.0172023560811173
0.0643199536327699
0.0247268615400369
0.0690234895052897
0.0860748291994936
0.0875498879734552
0.0457155947186702
0.050637746361245
0.098105295022958
0.0218819298433588
0.0636471444023579
0.0436983804772472
0.0349143935088644
0.0572982603146281
0.0605382101141729
0.032919173526265
0.061689104348585
0.0425911428970438
0.0410268091309537
0.0638700810288742
0.0399994162062228
0.0380708429819007
0.0648970591217649
0.0235131314267733
0.0348414409359325
0.0298888326614665
0.0215987337378131
0.0427392755695134
0.0340377039104668
0.0572982345663739
0.0398528720057122
0.0430527471739561
0.0550398895726226
0.0567820537617093
0.0193796090373152
0.0491014651271069
0.0329110362782712
0.0648454211299781
0.031841370423919
0.0236257295296402
0.0342690080741005
0.0731983507380586
0.0830850411558414
0.0264406659249704
0.0194008657575201
0.0418701493560784
0.0611959914941623
0.0180216500096426
0.0268572096423683
0.0181362755361388
0.0513342956349061
0.0432870901122105
0.0142276558152557
0.0685530225745535
0.0722425838243713
0.0549675829759235
0.0755612519693108
0.109912404262675
0.0449554908887594
0.0398471156539055
0.0616315897455348
0.0756388383755682
0.0466349310187435
0.0626324301304916
0.0470537529518759
0.0478901116262456
0.0280214749302528
0.0458668507590326
0.0263635970287021
0.0355345599566838
0.0320363492489517
0.0343232136270585
0.021725518027841
0.0369488106110255
0.0786645020434633
0.0244242589327626
0.0437399319274721
0.0196801473618622
0.0886022239377045
0.0446832831830963
0.0450889091918274
0.0779322965502827
0.0452741962767687
0.0157394346620915
0.0372799831960612
0.0145661968479535
0.0496590015730452
0.0562868996068695
0.0290619624033003
0.095668984506511
0.108812303069392
0.0355420284327621
0.023972727260054
0.0917984363099832
0.0381129149174736
0.0890217012403887
0.0350355891633746
0.0971531434899478
0.0337464021980561
0.0592653606997442
0.131662854863853
0.0672258655687739
0.114861092286255
0.0228766702745436
0.104127726841755
0.0698719590751608
0.0776263607678369
0.064309006121379
0.0753858571253165
0.0405182879079915
0.0559206390232866
0.0368417155760101
0.019530688088008
0.0251434019132323
0.102652759203689
0.0585440770203275
0.0577815522624313
0.0317207207663652
0.0351771864926682
0.0291848573089236
0.0461013332174278
0.0481750590066589
0.0331548498467078
0.0164297415782355
0.0807834079286622
0.0381384662881117
0.0631604151044569
0.0331666770426937
0.0873996594324754
0.101578192365062
0.0352005295422643
0.0277838170824765
0.0574050101518485
0.0560955394200429
0.0277330557579209
0.0172754969350395
0.0452995965872581
0.0375814495523323
0.056339848398827
0.0145391406739531
0.0216872112819539
0.0582726522556968
0.0264650501224254
0.0735595604070319
0.0230720163590129
0.094388353315353
0.0580385426869373
0.0678859760047269
0.0339294462121663
0.0659199274266228
0.0562763349017466
0.0234326320575688
0.0492852400589967
0.0350489382019077
0.0368368037380788
0.0643373326924277
0.065039913912144
0.0249293846246969
0.0132463413574222
0.0199788242553803
0.0190296201891915
0.073933369397608
0.0300403606530581
0.066374983230986
0.0242674281774571
0.12601006342496
0.0161633693518105
0.0560242166734472
0.0790681948290729
0.0196028699400686
0.0677254498257124
0.0592494946293016
0.0765480117650015
0.109821691609847
0.0374806085748887
0.0374667824131782
0.0673131870033091
0.0339816869412013
0.086784880650366
0.069756271266967
0.107721140823806
0.0339226468886946
0.0180409068724611
0.0362095236650124
0.0255338896702382
0.067709255229786
0.0451110386014308
0.0185169300005529
0.0581001353367957
0.025595875603435
0.0725003583212277
0.0381565363484796
0.02936164969879
0.0577749555938626
0.0366488957081159
0.0315826189775587
0.0463484486325299
0.0444560485244718
0.0400173502542703
0.0248207772027636
0.0502979709739289
0.0550552727891919
0.0802470044098667
0.0768699194335564
0.0245273991553226
0.0180569304121053
0.0290343432060271
0.0451962112858588
0.0550245161794167
0.0269444042282286
0.0552880216892004
0.0238356063035683
0.0164389396012611
0.0521353980758881
0.0310640850927363
0.0216397417960181
0.0656948083563038
0.041891183074334
0.0681187294934593
0.0168866125650536
0.046595480887124
0.0333952539899851
0.0999081919196765
0.0327450862022269
0.101524029674214
0.0204431311577015
0.0331423907064277
0.0394131704669192
0.0193720979083376
0.0415182531987334
0.0521468661676031
0.0364335814553533
0.0841059230316031
0.0432638789774303
0.0187308501914109
0.0378754518424185
0.0438466583625972
0.0735297673918053
0.0900030449949567
0.0423205388752476
0.0847841164813545
0.0296865656247594
0.121721698105408
0.0724422809184428
0.0818900434809466
0.0327890592385521
0.0492309688517561
0.0937284208487143
0.0390611409963527
0.0266733267188661
0.0781810951685685
0.0682487987162764
0.0799811096748952
0.0782305664243472
0.0479632075239578
0.0628622287595906
0.033907422075908
0.0361300726807558
0.0407431605117775
0.0292413678782527
0.0231008530567197
0.0571545147380686
0.0239289338979236
0.0232772186973502
0.0606656586982158
0.0420932919896196
0.0284489002823178
0.0935633830910293
0.0835053612441227
0.0381333150089575
0.0833083828672377
0.0558799048674243
0.026766958765408
0.0495542644160585
0.0262793430024688
0.0118042215639389
0.0220939945049959
0.0481078606360434
0.048612134539298
0.0225849406230587
0.0475327502936929
0.0382024473398499
0.050057733259619
0.0341552429288088
0.0415663693582954
0.0603329916227162
0.0574870626835083
0.0231546921442805
0.0460107879357324
0.0193137943790706
0.0341469097164837
0.0896393591821367
0.0580479393839619
0.0207123254625543
0.0907967137874861
0.0681346372630781
0.0828748210324242
0.0796731009986807
0.0718591708995253
0.0769597985277423
0.034588406847731
0.0785325729020999
0.026414876876697
0.0695516551639614
0.02866520245102
0.0172943321001009
0.0522914856596531
0.0172061625623628
0.0590374734229016
0.0664580249076036
0.0557146229908889
0.0419426313234414
0.0460164702993246
0.0454738210793076
0.0394478470966621
0.0767662443503894
0.0246275716918749
0.0260838595885016
0.0318827367856204
0.0840063581537087
0.0315517604601551
0.0826844796450789
0.0597586522396285
0.0741910692146011
0.760551465765834
0.0258814020533558
0.046845906191145
0.0355619939149517
0.0704234320217331
0.0325578422416664
0.0660842463698127
0.05329253643992
0.0602006826011778
0.140385423696005
0.045695619787667
0.0890277543685468
0.0547685423507004
0.0208095278730193
0.0324039127019904
0.0116145825881223
0.0664151261270214
0.0778236642870269
0.0560888024518432
0.0367693994254573
0.0513934834548234
0.0810278251485634
0.0552850989499861
0.0311371364858497
0.0414933408843669
0.0445520376928605
0.0773579394791676
0.0337525661156887
0.038695427008359
0.048854086306285
0.0261563165682287
0.0410799900528299
0.0394201808794198
0.0508896563857929
0.0671339960270814
0.0206176874189366
0.019983257721208
0.0335038115943838
0.0240227493260224
0.0271693398065006
0.0582341359175268
0.0385992517685225
0.050676634403495
0.0350889797853391
0.0263222780699843
0.0427118332296973
0.0323126132773345
0.0686146849693852
0.0313811628945594
0.0453717209698949
0.0192976271409952
0.0394571190046095
0.0544801165059426
0.0541595427478687
0.0194459924579423
0.0720850344001991
0.0343679477228726
0.0406065973276912
0.0350015468026215
0.046625784260284
0.0269381556806522
0.0237135911995804
0.0199967237714386
0.056548221158376
0.0460088358926999
0.0242217799946102
0.0264477551969742
0.0507823037740899
0.0663134212612408
0.0361794525796613
0.0378841934799494
0.0623028785930291
0.0369532649230377
0.0296772946284719
0.0253599429939894
0.0579025950202521
0.0354611403416137
0.0277467162640265
0.0224552310627179
0.052231700685958
0.0802595012856421
0.0485640560608734
0.0339598797815138
0.0522361868402457
0.0520006842384477
0.0306420281311027
0.0267848497537667
0.0742029765278362
0.0376931308475472
0.014797331567616
0.0217673931777729
0.0275862334975975
0.0339233345457131
0.0836968140009158
0.0338015979703113
0.0461757111666674
0.0339070111963434
0.0458336800564623
0.0697093096274753
0.0928368611135546
0.0162992043150559
0.059121871893154
0.0515590342861598
0.0299290626064545
0.0293419798912342
0.0977594440447169
0.0158372500573655
0.0406501485740877
0.0645119460929677
0.0607529703768
0.110728494035364
0.0167834502945047
0.0371345697717643
0.0900363206461617
0.0751985576779668
0.0530779406021173
0.0609205104309963
0.0154991010325237
0.0233442879984736
0.0361793570491451
0.0275829203094109
0.033395961688958
0.017639575172873
0.0248749202323583
0.0222812905872124
0.0146886341399476
0.0678852419024486
0.0876420002882587
0.0473170022318136
0.0234018822139518
0.046030115619197
0.0740743014358805
0.0243664447863758
0.0588855899005301
0.0738467004391411
0.0339291671649118
0.0403573405682479
0.0319064294793013
0.0255662870984329
0.0354018803770786
0.036727267856967
0.0450768598049379
0.0168032691074399
0.04851000682151
0.0572669534830149
0.0322795694731035
0.0604730381429857
0.0234865392853427
0.0615854131500043
0.0186001538152475
0.104329153520846
0.043826410704721
0.0350371415203667
0.0157599165383744
0.0730460445291048
0.0995371626850542
0.0885839981431828
0.102173476150899
0.0533063107991966
0.0372878031150562
0.0574328717630527
0.00991811402244723
0.0149306252289569
0.0302131227420204
0.0259354502116074
0.0766787248392416
0.0335146305378709
0.0128750367621284
0.0529528049723349
0.0735583465612004
0.0312618391873472
0.0165171179912836
0.0539985629081206
0.0328853380489098
0.106777978710396
0.0507765153308891
0.0354248133100555
0.047226873557027
0.0756727930123694
0.0403522493524528
0.0719903132394952
0.0310123329271747
0.0105405895768545
0.0244643205711371
0.0232561969651445
0.0445017168488871
0.0630901854472936
0.0239956849082097
0.0399933980911405
0.0681028353191812
0.107152108439314
0.0861460628728153
0.100556679798972
0.0189527429397837
0.0263693150730836
0.0315508228714064
0.0229456106441062
0.0466336678650195
0.0753849500323993
0.0187125841061749
0.0540507513971009
0.0419273261101664
0.0303253861083643
0.0260483276272938
0.0294226025233859
0.0356585950954852
0.0346671971070677
0.0648885081428202
0.0183157467627313
0.0550775166473241
0.0414032533096872
0.0344965114306075
0.0343009142926554
0.0328205033712939
0.0145884239457147
0.0548619148267664
0.105887943208184
0.0302365881691064
0.0405162519774562
0.112057265499234
0.0862232608038488
0.0334496476558282
0.0585312894001696
0.0591568799673273
0.0468703676194468
0.0862141124923693
0.03588960509632
0.069788604986152
0.0465289447855382
0.0261796494039512
0.017782381070093
0.0353098540797173
0.0182532420397783
0.0493078051545975
0.12483434586987
0.0854805577478056
0.0565615981736195
0.0479010164212885
0.0276463696599697
0.0415858586024031
0.0521614270922741
0.0163419386561951
0.012187612916914
0.0614205603327504
0.0361891132229381
0.0153625397364803
0.0271042135307672
0.0121412454295455
0.0375358444710005
0.0750188494138953
0.0619961288083388
0.0539638772805665
0.0483671613694491
0.0882602709715704
0.0344879427071628
0.0538666812358904
0.0247877847608078
0.0451031774873043
0.0785064991811551
0.0732785134207563
0.0582333829939953
0.0214513426202256
0.0660797097603912
0.0803019124169049
0.0172577318194563
0.0574653428136277
0.0211336374888717
0.0579089782412512
0.0306118940945873
0.0602914067735284
0.110864551621784
0.0551775294763832
0.0447821306489206
0.0247691951087849
0.0454461183028513
0.0830558964145653
0.0420725705698137
0.0763682690783039
0.0305261103967097
0.0197712102474418
0.0424168353399038
0.0487583499440365
0.0345567822407797
0.0291322137070866
0.0624778274320051
0.119939968304302
0.0308572879269306
0.0273863609591051
0.0642985922761386
0.0856028938705417
0.0848468865723334
0.0430840472159146
0.0727821242067464
0.0361377859232934
0.0717144545230658
0.0704509127964675
0.0733082877348332
0.0807676688254769
0.0207825489110084
0.0575681364622282
0.0243466538139261
0.111849348990588
0.0369807292845234
0.0620736142351739
0.0794545090637486
0.0506363083947155
0.0161698387449067
0.0333649289571992
0.0431044479918107
0.0287594165742934
0.0547902128232164
0.0711406531295127
0.071201464096657
0.0358946778242587
0.0935392344096332
0.0537049515593517
0.0642973939386748
0.0505755553472531
0.0222630065500298
0.0897443105208372
0.109253402726132
0.0242114580551983
0.127678041003857
0.0443017114641323
0.0312885232491914
0.0177355075049118
0.0522645019592234
0.0879359441746614
0.0254942447250017
0.0154100158736479
0.0329883296706063
0.0290340613705152
0.0269616262333267
0.0414531617003948
0.0641118091914154
0.122945078038949
0.0563553253573
0.0199619378213149
0.0492843372675402
0.0149093180049018
0.0725737942857024
0.0767404565570775
0.0199748169883928
0.0477593294971557
0.0348497248294006
0.0362856873773779
0.0606483360751569
0.0407852527740853
0.0390518781450157
0.0563165046725021
0.0164252486329378
0.0291244106283472
0.0367365658690374
0.0143234785291033
0.075281559237451
0.0389432682824374
0.0156659681361777
0.0120135978261599
0.0655054779210877
0.0195971681264132
0.0131682473458519
0.0214033372837212
0.0749539346950742
0.0310408423475645
0.030905081291295
0.0305292731768728
0.0409880276562442
0.0334524532299526
0.0140700437362885
0.0882657921194756
0.0337316465250052
0.0339977559533176
0.0260315545103261
0.0265103911707274
0.102288189973876
0.0361502912569047
0.110167393980069
0.0887784433612101
0.060935772380198
0.0424606341520369
0.052278171089555
0.0763537165872085
0.0154244839043796
0.0678447398187376
0.0935377106691749
0.0309530608367305
0.0456502572833782
0.03036094416569
0.0259964601360148
0.0672638892430165
0.0434362998327324
0.0785671665536955
0.0755127354006661
0.0496498794644159
0.0175625917631305
0.0756063883713954
0.0541423639176447
0.0305297362931024
0.0320837647651459
0.0137999273191701
0.0692038323794931
0.101252993750576
0.0529137112296058
0.0228101859244063
0.0498076320642203
0.120650197735525
0.0679457567560002
0.0659645039646483
0.0394347309459888
0.0280889122004904
0.0766348105319763
0.0422462610555905
0.013845945082705
0.0999497544108193
0.116798438092847
0.0401570918454287
0.065132177547645
0.0191509073059032
0.0828366797980379
0.0421366546953261
0.0922355563098685
0.0231750564046963
0.0680137654245223
0.0456210744296896
0.0300611643795311
0.0281928692140813
0.0293483527077703
0.0676089266285606
0.0275579156544006
0.0429866838169898
0.0576561429431993
0.0118878261251755
0.0319830968494729
0.0345429118256338
0.0732990440806479
0.0398134753331242
0.0620043417904279
0.0968426144118071
0.0730435631704053
0.0874984490098328
0.0714129929489439
0.0387670696016667
0.031986723632469
0.0640014934252992
0.0178191628854482
0.0268071628062803
0.0669186936952543
0.0411397884507789
0.0965796829166834
0.0713336060330875
0.0760986179082739
0.0355992802640306
0.0177444031514998
0.0357148576445475
0.031981262134713
0.0169113734443409
0.106869247052912
0.0304905847631877
0.0797850128502443
0.0364360636094374
0.0425675070016597
0.0522601406099499
0.0449683922797948
0.0784077613777421
0.0307502481920868
0.076106091330072
0.0549033113566172
0.0672427292111088
0.0354433827594021
0.0277486043851724
0.0283500515617405
0.086699387231841
0.0958108556648315
0.0347275871360571
0.0381723189991664
0.0505708071572709
0.0765532654878403
0.0639174630164514
0.0658695768778409
0.0430233830619737
0.0400687959866718
0.0453216001261338
0.0238206132914038
0.0321451053386269
0.0421942371732581
0.0541788715765611
0.0523145762858069
0.148314481656742
0.078275372737789
0.0289577192329437
0.016431124640477
0.0411878862594267
0.031640253332986
0.0731652690365181
0.0433994046485614
0.0798695373112167
0.0341108852868722
0.0646667270140672
0.0539525175461749
0.0835023546336741
0.0221159793778247
0.065607774508087
0.0793598365909099
0.0380963801962539
0.0491402009699749
0.0881973990852842
0.110671610622894
0.0315337470879779
0.0271881028608373
0.0167542854217036
0.066240586466908
0.027663421456631
0.0769093661120538
0.0232043484050572
0.0572714245082938
0.0241984821566273
0.0209602017872338
0.0822912591736685
0.017665557549962
0.0564318756913636
0.0281684990641372
0.0266716724340828
0.0138360400681408
0.0136875454853877
0.0416776568806082
0.0946093129010861
0.0449416297137444
0.0199054821405499
0.0443968387757895
0.0225086700855316
0.0879648061073683
0.0343341923211246
0.129873511940653
0.0507820839049403
0.0456557064419108
0.0465809806503427
0.0272214025785703
0.0853421962182619
0.0301506291496158
0.0231193212766216
0.0234830375419495
0.0263522132638378
0.042767006073329
0.0849486695551505
0.0190631620744522
0.0913166351021529
0.0656164089575457
0.0523593504061139
0.0275874158162396
0.0209414934869472
0.0552113818728085
0.0408748113045369
0.0188748616419998
0.0193878879351454
0.0168537223952042
0.100743407996321
0.0500288724152151
0.0796123931972772
0.0228151743929766
0.0590248968042051
0.0951935106029367
0.0468766994796377
0.0324672315269273
0.0506697042191799
0.0978412650782737
0.0445409066684007
0.0225352313664976
0.0664643411125369
0.110647941367471
0.0349891757461685
0.0250370467560439
0.0346332940184077
0.0476012973546392
0.0903888767100786
0.0379594392797354
0.0166693249359113
0.0269648003598136
0.0625339602117679
0.0451722036385999
0.0187416867348345
0.0422800497902006
0.0647203835271455
0.0808950305874068
0.0634160532108941
0.056332794305443
0.0288571463797824
0.0149068265185898
0.0659754794071195
0.0428257342248809
0.0412735649824058
0.103093125316536
0.0286758766453233
0.0473233016811019
0.0141151912432394
0.0666962548177962
0.0438020438698582
0.0279897669713222
0.0553658641711696
0.0702902622326574
0.0814637373599099
0.0923677792294487
0.0230685075245146
0.10136656719387
0.0221924484818188
0.112559263510573
0.0374221403480869
0.0796266189455105
0.0296498582567556
0.0472646696119909
0.0334797341076525
0.0773124180732804
0.0159015526251931
0.0330647645471784
0.0160617612686894
0.101004027174434
0.121595452943258
0.0276893735510779
0.0771831995523344
0.0266014224074453
0.031240370196489
0.0862146277162744
0.0206512739502629
0.0273599401825137
0.0223496522865718
0.0222562948223433
0.042731605304249
0.02826294904972
0.0471648921585025
0.0332590366061859
0.0233240403801765
0.0500350078244034
0.0757278519385562
0.0215211103160009
0.059871804931663
0.0487510946562339
0.0470938311808416
0.0703044227917791
0.0418546520858823
0.0693831115709013
0.0238973147505992
0.0206438243176578
0.0261021219506744
0.0255535667461759
0.0534574319622406
0.0223984650886594
0.0354624226294205
0.0404636077708163
0.0283124614492981
0.0885615588886
0.0457424224409937
0.0490614634069814
0.0474509144120073
0.0325883832124442
0.0720419838227983
0.0682198342353536
0.018720749564011
0.0256802760842608
0.0106008880086319
0.052962110229102
0.0266324033483685
0.02318919528448
0.0174641266857365
0.0621438882917543
0.10578085477617
0.0569956078233858
0.0463996903791314
0.0165800611379384
0.0122816145271582
0.0562741966715064
0.0893204955614675
0.033462441000308
0.0769473336804341
0.052856397493572
0.0196630717915818
0.0174197034405058
0.0146114818561392
0.0503786800789049
0.0451237427762373
0.0441019244968673
0.0463394358909252
0.0977475491364863
0.0350272001229695
0.0882890743552187
0.0791498272627759
0.0634732171348535
0.0653587601573206
0.032668740537536
0.0410712094524005
0.0817297358761571
0.0330617555187554
0.13485603742929
0.0286328959453806
0.0192475165132873
0.0626759772180669
0.033780294536236
0.0441383480866405
0.105988889011371
0.0732702912960724
0.0778151588125293
0.0761963238337736
0.0361807078665106
0.031446019765604
0.0989345020887753
0.0343512781742988
0.0584888155271655
0.0916247598566599
0.104126500984183
0.0180961064845111
0.0272892781778896
0.111925859432945
0.0219578840247183
0.0519714915022255
0.0258190769083399
0.0255461423179593
0.0172205801239423
0.0162731632379766
0.0204894711938391
0.0511834079836972
0.112902001522576
0.0855471346563949
0.0434276212014866
0.0952794922428266
0.0189241811631903
0.06826269021518
0.0161083173705366
0.0346681926316511
0.0613159032425874
0.0122735068220539
0.0586340428417093
0.124873291380962
0.0531857306643264
0.104897271534185
0.0190366654544074
0.0240697682975982
0.0352662908859651
0.0346748387625297
0.0201433323778589
0.0218252954165059
0.033825396747113
0.0290169574266946
0.0266156983845405
0.0240172160676785
0.0786320915675736
0.0711307754102855
0.0428191578688437
0.0298806147866352
0.0472144890096375
0.0364919467088879
0.0492820831339294
0.0501080444410631
0.0382303193319577
0.0167917205924939
0.0264143769162064
0.0750587973222491
0.0248263520200493
0.076043945358067
0.0160360166286732
0.0295506964182033
0.0508436060223686
0.0231760926030759
0.0174287499709302
0.0535503490127253
0.0316227533000155
0.0535732079760441
0.0660619801919624
0.0474308229361513
0.0969149475076168
0.014036983210643
0.0308279394633699
0.0357203834609488
0.105406507715567
0.0753150213717529
0.0653000969979094
0.0551352827927717
0.125485412045086
0.0898677636761085
0.0759087698334817
0.037186651347415
0.011396663678806
0.0333313452774514
0.058688058787176
0.0602481529305232
0.128379433959039
0.118970065027232
0.0277686681822465
0.0373435391209048
0.0398731611580478
0.0750334509573928
0.0350595239033956
0.0264369762966763
0.091897199550841
0.0172211979630733
0.0443570688658175
0.0595393642635286
0.0399904070696617
0.0771446598264233
0.0992752180348554
0.0467829676979457
0.0829968791456436
0.0498396155987937
0.0346602476171863
0.0739595961520931
0.0141488114931389
0.0489538359098477
0.035029140320268
0.0253349665430792
0.0463545455189305
0.020681979390547
0.0726467233509376
0.0528309731705127
0.0509266585056086
0.115755398405547
0.0641763358079355
0.0760834291028285
0.0380887040536077
0.0374865868807623
0.015508704620142
0.0338558101832767
0.0159671231748244
0.0116132335197349
0.0237465947292309
0.120156880357301
0.0633760754178739
0.0712363800714726
0.0588827082843185
0.0428573987570438
0.0561982935726261
0.0175288492942473
0.0534929522907143
0.0274835281235079
0.0613908172656232
0.011292361625245
0.0344040950005609
0.0381158304164544
0.0354379512677718
0.0306109948681034
0.045550654708904
0.0538879606267354
0.0611609210516172
0.017102961251305
0.0261149974797939
0.0413588166856087
0.0514823099996633
0.118191997597056
0.01932530244813
0.0567473246919883
0.0345895886634035
0.0491167573880682
0.0399760694194109
0.0209831540655686
0.0424518203808608
0.0463678633025422
0.0545717784571961
0.0294469778144842
0.0148841835306966
0.102574246732333
0.0388560171390394
0.0350592053787939
0.0172281261539454
0.037631448786358
0.0212448834976732
0.0646737904947313
0.0743080478658183
0.0307973001978221
0.0479713755382865
0.0434188020339714
0.0240943061845307
0.0683060442867347
0.0598795216815672
0.0272943437495053
0.0695762217809802
0.0203709076562367
0.062097643994673
0.0113532693995601
0.0534931104599396
0.0894549919194861
0.0522178876247218
0.0770898837999902
0.0582683332616835
0.0804689038827918
0.0434911737035953
0.0234959464065274
0.0389872891231428
0.0370182488296338
0.0459330203399556
0.0167876000413501
0.0388224926557184
0.0942516448878677
0.023507917535478
0.0222316724873888
0.0360644652687225
0.0472301667881126
0.0185528295384354
0.0766884956031826
0.0208445811493827
0.0337263747142568
0.0375953491644813
0.031408170438192
0.0464439311531454
0.0695159669968558
0.0429385465732099
0.114724124865353
0.0823069908813043
0.0442510303206727
0.0254827932753355
0.063353935625837
0.0122209886405906
0.0321716801832859
0.026310830880196
0.0426926346262522
0.0718073176767722
0.0164386370791485
0.104975994643017
0.0583588754786208
0.0465166047967573
0.0375908282723489
0.0690190251645314
0.0817791362980345
0.0527166922238253
0.0437950902783324
0.0715088311900132
0.0618039820055312
0.0198324971966271
0.11931460365568
0.0563746265337908
0.0128268922608179
0.150573782785502
0.0924821996254571
0.0485484137292998
0.0485408089871688
0.0372920112143691
0.1190524173637
0.0398931454619257
0.00922688153392486
0.0371955809954512
0.0956469402307312
0.136085544473547
0.0281385428783686
0.107352839144851
0.069500125779091
0.0197800125112802
0.0727598650540109
0.0234008257147254
0.0507504951536157
0.0530426095827805
0.0722957432623988
0.0446689702333162
0.0627474984795537
0.0268627843805262
0.0488693004200003
0.0404948702226254
0.053097138605174
0.0611401583374585
0.0364715234889188
0.0150978890533616
0.100687069728316
0.0382011843366486
0.039693175165525
0.101503994114098
0.0307781039089263
0.0572817900915183
0.0477206511348456
0.0565536252126256
0.0730452408696188
0.0462850921634025
0.0677737433156429
0.0345469199652912
0.0701295198406028
0.10983010244884
0.0263580168843961
0.101324065202063
0.0577113171967844
0.0263064302515629
0.0330103755531969
0.0228803332601813
0.0463818200123003
0.0306615531153329
0.0816214457196831
0.0129583996081921
0.113236065022512
0.0192408519923732
0.0255716052005025
0.0190037003869363
0.0140100768856507
0.038955589085603
0.0519157980942579
0.0221368292961885
0.0705426789072547
0.0116837778800408
0.0584179567725728
0.0177451652772295
0.0619046583382453
0.0215891152616064
0.0599968913480349
0.0238427185946278
0.0419896373541617
0.0171423133199162
0.105471798509947
0.0565894622444556
0.0904143881601357
0.0560203667735831
0.0371795524882056
0.0976049794161297
0.0841210032431902
0.0127850870112559
0.0471638676578557
0.0465334785921476
0.0625444038055451
0.0219790543214883
0.0718733085956765
0.0085138523448649
0.0626158042386148
0.0982740324339472
0.0304276688448894
0.0881605366446634
0.0591416595991202
0.0749732832765659
0.0235111909193652
0.0578526018696368
0.0112029931237821
0.0252988927883604
0.0678456728847752
0.0357251813909552
0.0381226869346328
0.133476465669662
0.074894531170129
0.0435190858356993
0.018984395830947
0.0519773817365906
0.0412294954932678
0.0440465872288234
0.0809438913846535
0.126062900724727
0.0231478867240377
0.0192195412119955
0.035342171963881
0.0216206865534897
0.0302083737547409
0.0120032591706838
0.02601427379082
0.0703975740591849
0.0901462581105915
0.112028805126891
0.0593226305238335
0.0751997528382461
0.0575538035751922
0.0634281471163332
0.0361742123190267
0.0279549995048413
0.0349428018716035
0.0313149830726723
0.0252457024565221
0.0476551565026904
0.0421782503960219
0.0193059943610001
0.0668045091180172
0.089003882734418
0.208444060683394
0.0634177561831969
0.0121265271817143
0.0473738309543767
0.0301165643670435
0.114916283705141
0.0415778442122417
0.109405874517559
0.037516188650353
0.0183339726117341
0.0457493582958135
0.0194432469259756
0.0755392598730865
0.0526785948584384
0.0495857888059608
0.0339435319033725
0.120805853356841
0.0171692578995478
0.0713555786810506
0.0563298014831434
0.0534219680217898
0.0328803914453298
0.0233022440708837
0.0617129096126539
0.051220962055184
0.0250260984603409
0.0799251317312172
0.0188370200232677
0.0414630283202992
0.0223701408322522
0.0512597647259176
0.0813709567622162
0.0907722756412731
0.0177234145365469
0.082208870206043
0.122504329138928
0.0399252962092699
0.0268013464930571
0.058586892943398
0.0482508263914911
0.0288232946017304
0.101077546665959
0.0354796313863849
0.0514136013439671
0.0180812265343595
0.0268564071918623
0.023293623787729
0.0787648205045188
0.0158596162677782
0.0191735431034025
0.0553752067739224
0.0441798570995517
0.0238034318008768
0.0340615041499703
0.0168756739597165
0.0379419368190251
0.028253061192945
0.070269120492493
0.058391063972276
0.0761269158768429
0.0429051794196563
0.0614758049517038
0.0441002532762526
0.0336263642958667
0.0283851229878847
0.0449058963326338
0.0346473083623376
0.0168619814173576
0.0298485565675967
0.0427672257854798
0.0773015258019251
0.0565858723937364
0.0464159384721587
0.135656764467662
0.0578043650217703
0.044610747229149
0.0600367752996392
0.0256517540199221
0.0732412621534675
0.0642482871281163
0.0107612396125536
0.0343433281505107
0.0409330320889013
0.0301456802127931
0.0525890950153937
0.0793865191926362
0.0248558219656964
0.0431941337471681
0.113112791536023
0.0682100965565521
0.0314052420893191
0.0508388090654066
0.0292377641915815
0.0626506964185649
0.157745305358548
0.0388573252340719
0.0436974865781322
0.0453797285815368
0.0196433669091885
0.185878342065419
0.0484210001543754
0.019401016447589
0.0309403695401846
0.0181648668176374
0.0230762301334724
0.100125651847807
0.0674911858666376
0.0269605474797003
0.0471225723880361
0.0287824991897579
0.0197252953009705
0.0993460828200857
0.0378500311192349
0.052438807310803
0.0420996862989452
0.107724750157899
0.0790418348531009
0.0247217547356131
0.106039392657218
0.035676027392191
0.0257864955544248
0.0197630703371858
0.0316488310662198
0.0163585588289492
0.0218911925105505
0.0557512781926674
0.0198072561362618
0.0279025326679912
0.0216454785117632
0.0176395981152017
0.0743020090438585
0.0907136697348391
0.0241829129960004
0.0343433716268885
0.013166579948617
0.0467561716795692
0.0555305490805615
0.0520909503755263
0.0455294433392447
0.0371361415310567
0.0315817910242367
0.0237028786723708
0.0255814709079838
0.0690432965592578
0.0539453924644157
0.0440747216474745
0.0184711503284437
0.0282353379061326
0.0197088780584105
0.020125807708804
0.0295236679729726
0.106827540433415
0.069942384226105
0.0660157658706812
0.0507453922350511
0.0520048999876035
0.0721499536337549
0.0157231291718143
0.0382629478056829
0.0600370026516574
0.0433119289412845
0.0394232393240988
0.0756452096419548
0.0465742218474369
0.0878733572449917
0.083959712334474
0.0141117129002002
0.067660623164466
0.0978837654943436
0.0370851218237396
0.063184294055394
0.0743934014610792
0.0596766114459332
0.0437855438801154
0.0664201962360221
0.0871341136420979
0.0949387334118783
0.0255044715765933
0.0565529006617546
0.0232300939039341
0.0412964604348509
0.0221694750898239
0.0178842636589728
0.107480336757401
0.0964357381221024
0.0843823072607898
0.0390972721639412
0.0344930206508588
0.0650227008652559
0.0520803037247543
0.0274561830440383
0.025766323594869
0.0303074290031315
0.105725904135384
0.0799904786112183
0.0458749155228663
0.0315913903941993
0.0395366218933561
0.0650064920771845
0.0372342478591753
0.035307031265678
0.0749466216594113
0.0258317804013189
0.021967784803458
0.0447245854267639
0.0342181476807662
0.0346184851982434
0.0725660678617353
0.0382478835259988
0.0683524736271289
0.0285115975178793
0.0371484679672261
0.0222150769917233
0.043666280117985
0.0165247757894847
0.0311416006164835
0.0793960031716402
0.0197557648569527
0.0455585570688849
0.0693824222735589
0.0463900693835829
0.0776152233008111
0.0511091875174109
0.0313722052012075
0.0502120426756296
0.0676575702668649
0.0140210227880797
0.0652511457553439
0.0450471491509304
0.0382635535556033
0.0526719640375476
0.0692433570922222
0.0254695395011289
0.0319195213469672
0.0718669832656113
0.0559845370819638
0.0317406347190569
0.0551061534124343
0.0535269552608236
0.0931135660823686
0.0236319736792723
0.0374407373756197
0.0960584967864979
0.0720009770659786
0.145356833663615
0.124877945974217
0.0444994705714579
0.0183777638594057
0.0223698688328027
0.0790159209100987
0.0357116828605705
0.0516800066142882
0.0306993659430927
0.207974964117536
0.10690565892672
0.0141306692285336
0.0712742432523559
0.0619814383128351
0.0346185241906303
0.022543724163202
0.058967927334556
0.0143173006710278
0.0576954151346871
0.0408397924561168
0.0582411670872029
0.0149824594835102
0.0796880985393073
0.0684126665278136
0.143464600323484
0.0513347300666142
0.0158821312121586
0.0673501012448881
0.040819725492886
0.0374881921445091
0.0275389370935347
0.014241119612603
0.0296098379839155
0.0442207187378337
0.0552947804552844
0.0116216883737028
0.0214827831159256
0.0153316265605072
0.0627481969491721
0.0928514797913356
0.0695736306095026
0.182023420486128
0.104746423808821
0.0202124762462994
0.057327890862972
0.028198040580969
0.0110285469806791
0.0522104124575192
0.0204702252250452
0.1198647305381
0.0341170785824956
0.0278852542538075
0.117835777317538
0.0201331602429959
0.0147913267215039
0.0650408785010867
0.113642488325289
0.0437608693736536
0.0976442859793002
0.0322444917563189
0.0296015884671172
0.049593579781382
0.023656291445908
0.0890030447148661
0.0354455155932771
0.0258786776646926
0.0296885666639223
0.0836920494288974
0.0747097398919141
0.0272292701112857
0.0533056041602853
0.044584475786277
0.107580831561992
0.0819686185467245
0.07415439495316
0.0206817271903567
0.0652038943882799
0.116977618143758
0.0413290125216608
0.0550819710797695
0.0902780142009187
0.0427567010395247
0.0613240703767257
0.0719225914200966
0.034916229836297
0.0466612242279576
0.0312500338823116
0.0696675486026608
0.0425537777236793
0.0202085428045728
0.0232506081943521
0.0457532604491984
0.0368091911304846
0.013044586586093
0.0895504551551337
0.0381624930411881
0.0214645395042037
0.0382372314688115
0.0533646059496858
0.067558569349243
0.0637259493160044
0.0704748488991398
0.0726542812071748
0.0337524595154149
0.0530012780556893
0.0771381383608201
0.0565979142718789
0.0301606239095481
0.0759780689567477
0.0151912848869113
0.0237778681183922
0.0806628300248662
0.0714929273552802
0.0311363268965834
0.0630714047244647
0.0134181243403717
0.0198539311826909
0.0475288585881488
0.065099022172526
0.0553588446176246
0.0125815098702117
0.173379592164733
0.0415955727141117
0.100285524972094
0.0381919011947606
0.0700856108417228
0.0560395438137824
0.0961398417126014
0.056298406478104
0.0541147886286978
0.0522381424921723
0.0202958198074911
0.0484554532185836
0.0803250956916431
0.0892031885087931
0.0706951121648485
0.0581566435871757
0.0691732082353437
0.039402357368232
0.0126539700664445
0.0670785283508226
0.0544380565720791
0.0386606837095182
0.107790760623902
0.087506752788125
0.067227040691399
0.0609057789369875
0.0414182961374649
0.0534995384899367
0.0439587360644408
0.0323126502641431
0.0884398374143591
0.0948120012304661
0.0279318059056156
0.0805891628073634
0.0474487457983711
0.01522695755241
0.0128579175297219
0.026468130183459
0.0218253080489746
0.022825944160802
0.0246292682767303
0.0199001999006291
0.0106268763954091
0.026426170440878
0.0480076626221767
0.0552806576121907
0.0148951772998625
0.0370218879957698
0.0444995686803531
0.021785134406077
0.133579467796397
0.0302620786478684
0.0267999080593349
0.0349014874552131
0.0163977727677995
0.0114394950082754
0.022654489473615
0.0390978196712543
0.0686015787434965
0.0359759976054422
0.0569738655106869
0.0369333330714284
0.0167479440983499
0.0224112848344215
0.0372500807838439
0.116161224673043
0.0500681374279569
0.0238584146372374
0.061017469354399
0.0729689687868131
0.0109561967232029
0.0358127422600642
0.0822291772683943
0.029518767276335
0.0787468711015795
0.0645480775337158
0.0517465159222208
0.0176319419716201
0.0544724659564954
0.0244620639843733
0.0623830475353019
0.0246044704936229
0.0180407710780537
0.118538849519238
0.0279161454721249
0.0442452772591059
0.0370801370544562
0.0368632179255444
0.0597074368298726
0.0625877938968595
0.0150757681804787
0.028051660183836
0.0785961605210568
0.0215758151880322
0.114669557074578
0.0442108831031897
0.0334814005283398
0.0228018915432551
0.046280559155282
0.0466199394812537
0.0275059878575993
0.086616072817747
0.0261713008147662
0.039713578321382
0.0170803317247261
0.0406944886190815
0.0130996067821402
0.0607429806014007
0.0505095602166253
0.0353282101101441
0.0409588425716573
0.0596748414504578
0.0357215377010057
0.0408233962496157
0.118231104314337
0.032001752549804
0.0356311628831838
0.0303773444131581
0.0490301497041937
0.0706303637928129
0.021171601760462
0.1091504912195
0.0405027164780507
0.226899278773822
0.079598260135766
0.0550936462933333
0.0887421892219568
0.039246639063258
0.0462350419798195
0.081399828096205
0.0580479289726963
0.0909869241686023
0.0355876132010484
0.130911393970028
0.0579634600618871
0.00911606856342982
0.0532481831906561
0.0833554727893761
0.011940332531387
0.0628697768977032
0.0423202221079492
0.140222310551834
0.00989396594690219
0.0571200239882185
0.0344192177251143
0.0933510100424582
0.113833969800281
0.065024393025033
0.0153094437056168
0.0605775508225182
0.0421441058238729
0.0527726800874393
0.0612502864661235
0.0333213735747962
0.0545278629871696
0.0165939508804164
0.112037097776643
0.0433573270330702
0.0662750597888674
0.0514713393893474
0.0730840576249822
0.0577856904290852
0.0475532224044962
0.0558304232349434
0.113962630842062
0.0360603924881032
0.043397168541474
0.0671105051393971
0.0377998201576638
0.0224463731008811
0.0633889849417822
0.0308080848527223
0.0425101148913776
0.0674121594421596
0.0383945551347359
0.0686742127850245
0.0788877134047717
0.0146952441144788
0.174293573638015
0.0400175348625524
0.0389595568151217
0.0198617578998333
0.0817302946108349
0.0707896164130807
0.0645184961158779
0.0657406216044321
0.0613657017987028
0.0317751525999081
0.0557513118790834
0.0652790583943655
0.0214723553716543
0.0889587827327444
0.0153190699227382
0.0914436684853109
0.0512997048760049
0.0259640027045507
0.0321598329919095
0.0425542995353011
0.084084989753836
0.0719070266360946
0.0527960785443859
0.0594598084455674
0.120222583497006
0.0272202091376953
0.0124515283662687
0.0460712792676038
0.0541632062625764
0.0506768116778256
0.0262203717643074
0.0704288776911311
0.0342580232370633
0.0293390420314973
0.0676669441983895
0.0559219121288615
0.014510247405487
0.0629142809232869
0.05079635958664
0.0700669028969494
0.0206844862434806
0.043501677459916
0.0644310499484114
0.011907078685723
0.0836915689535721
0.120860866187975
0.0548827421054925
0.0379969804884916
0.0392741777159411
0.0955472007998284
0.0618003348367398
0.0522217439583103
0.0612616168495427
0.0662758726003915
0.0773002128309587
0.0572860659447895
0.0210637328869596
0.0187455485347506
0.0124455403186241
0.0215671037283343
0.0421305476643576
0.0574882710298103
0.0613902574083058
0.0578216772403183
0.111468918406783
0.0358949701030117
0.020455485419493
0.103361511891139
0.016232835103075
0.0197968420210038
0.052594748811553
0.101261227527236
0.0391380704014788
0.0217151822187153
0.0545859828580928
0.0384650993010713
0.0638481574666864
0.0343230878380184
0.0208992766808594
0.124334579484304
0.0342920817761902
0.124859787289953
0.0421943351811844
0.0485205496860592
0.083194795441624
0.0365220182782829
0.045506777348671
0.044249881338164
0.124216743004706
0.021427470118952
0.082050274301777
0.03080660322179
0.012080087088034
0.0487836801769207
0.0417298950819092
0.072348836173998
0.0678247115964735
0.0132215175740941
0.0741352404121278
0.0286177765519323
0.0769408456108817
0.0497330619317313
0.0698492460772504
0.0379965754619989
0.0831644103814071
0.0535171686014595
0.0912342179797586
0.0496747499455419
0.0420262233406997
0.0752044774003313
0.0760561594315651
0.0334086576012961
0.0153559636438185
0.048800740036656
0.0357943664932203
0.0210783183301676
0.341060533458224
0.0364806595114678
0.0957860203738025
0.0380246191229046
0.0463108145164483
0.0296464269577845
0.0447185549562372
0.0723449035749034
0.0269375700665456
0.084209757030772
0.0180883864930312
0.0377547691571713
0.0408289954454608
0.0238323038031844
0.0239493252694462
0.0596016257106571
0.0397002441978109
0.0631512298965732
0.0349957550160624
0.0647841686263515
0.098194361008164
0.038730173978869
0.0179833222928464
0.0195100436261212
0.0214177927889421
0.0127674356440002
0.0268892790352267
0.07423416054136
0.0362696285695875
0.108845440995209
0.0839826168152074
0.0392584319685211
0.080813643215837
0.0370490918237179
0.0397581931933726
0.0620925038542207
0.0852302382193401
0.0286417525002607
0.0961469083770695
0.134107736157094
0.0445693926718559
0.0741578901791316
0.0267600075986179
0.0394023526852431
0.0167087583904433
0.0351403803398255
0.0732562040601255
0.126197111858448
0.0571442872819508
0.136566184741573
0.0328415288666292
0.0275716258861733
0.0225413614681725
0.0528034012527592
0.044531122771129
0.0686038849013212
0.0473242429714702
0.0637977925961488
0.0136382045705989
0.0800037334639684
0.0649284892396031
0.146836617937658
0.123758347375382
0.0166298039481052
0.14105433408138
0.0529228381016433
0.0646864870601168
0.0392557546743758
0.0429308919337586
0.0431690777711129
0.0488713806267345
0.0518012845794856
0.0499332072075909
0.0188027892499803
0.0771846757793004
0.038544520729439
0.128826651944437
0.0336930508408131
0.0229411635516081
0.0581973787298615
0.0359786905075403
0.0402202648421437
0.0172002210575198
0.0707202625697978
0.0400906916815268
0.100732625794481
0.119121192929993
0.0437986802737032
0.0483762919364054
0.023616853620195
0.0895839180224196
0.0250011272287957
0.0408537719771506
0.0597240627654837
0.0304892935749395
0.0665554063977805
0.0266222045871806
0.0182985055005988
0.0413250337374114
0.0648316053630468
0.092217074789231
0.0178502653778908
0.0642755559163673
0.0219915822525379
0.0542385976521284
0.0287876988024637
0.0319841746915172
0.0422614910634423
0.0511276543424552
0.024957002438803
0.0218775201507388
0.049814524311345
0.0354390132685555
0.0939368649870252
0.0338443709138467
0.0223612822771907
0.0326586028386997
0.0396429437755867
0.042431915743841
0.0406683558505555
0.0339178900973002
0.0323564123040099
0.0102747795757197
0.0112393348883632
0.035585624936305
0.0469040716098253
0.0345236921462054
0.0957079925879563
0.0597686242102306
0.0910765868769781
0.048986200815858
0.0965001248039074
0.0632169190453481
0.0291560293733599
0.0789698079147138
0.0314624843709618
0.027364301074416
0.0977941545104489
0.0416539870449154
0.0738443144924415
0.0172103536128865
0.0344828781439236
0.045758169095859
0.0618071194245046
0.0391374450524199
0.0372580558377784
0.0380606110524101
0.0287612410918432
0.023919856468616
0.0555503706733454
0.0885815525854891
0.0718062069168193
0.105880615688289
0.022458544288256
0.0802215699491287
0.0161589083729753
0.0216551661573251
0.047978311179225
0.0127313833378846
0.0386857211966176
0.0264717988949377
0.0088779393655974
0.0603967351828953
0.129137715649236
0.103440151484897
0.0315454627947806
0.0255410045740201
0.0463382439926165
0.021850199447136
0.143757599690716
0.0984610330556522
0.0502397310440959
0.0299667301119934
0.0330833811351747
0.0153866352014332
0.0971156215031881
0.0489750316877714
0.0174577555635448
0.0657415432093409
0.0167538800994208
0.0283903370173402
0.0263129066186619
0.0171114314907126
0.0882485838341983
0.0467226062450049
0.0312281526681454
0.10684183576576
0.0662049275588642
0.0306249956803102
0.14067916689153
0.0906099488490253
0.0209016260003218
0.0588741355672126
0.0105851863365689
0.126123568454525
0.0536337376696832
0.0471262612061441
0.0429269249910832
0.0825463478323296
0.109650972330511
0.025252479449669
0.185077832158797
0.0766606499742378
0.0776395367385826
0.0499309341343036
0.0163431622596376
0.0386951705228069
0.0723504494338303
0.0917573666342083
0.0606532586399206
0.10020446440921
0.0182500948259625
0.155909756625005
0.0771933232743271
0.0136370561515114
0.0505934595109871
0.0141424032232649
0.0505180124419965
0.119267488697569
0.0487689108817285
0.0134296188788521
0.0122734128979089
0.0505226096519454
0.032756922628547
0.129128485577734
0.0231203918674714
0.0203478512496846
0.0331058545918086
0.116539065761794
0.0391752771326789
0.0159571210845779
0.0547231236113052
0.0294135041896049
0.0711822511644849
0.0386737928024634
0.0834242548380627
0.0435584851227699
0.0712901136717814
0.040853942357366
0.106287490867894
0.026021295227921
0.0314555966846821
0.0796257298426585
0.0566893460453866
0.0650259102120909
0.0956613027108759
0.0573422226449383
0.0659939303692381
0.0291475069315973
0.0534185465318726
0.020870928616418
0.0961737037944876
0.084243633645542
0.0452443069971073
0.0357035040546696
0.0547747153442099
0.0256708998800948
0.0619419129721871
0.0297444411434249
0.0222178535969036
0.0924388109098019
0.0282673633642507
0.0921239336413215
0.208923343140806
0.0272091849244786
0.206029419819118
0.0158554957875901
0.0265297488248896
0.0852072035742124
0.0623049605051731
0.0279696318681528
0.0440820298795218
0.0281445485746704
0.0213236216474247
0.0781772391654651
0.0581370122173811
0.0518291580604367
0.0646327429575145
0.0209331101422522
0.015523426962919
0.0436600499219679
0.0510970445087576
0.0731042350879058
0.0462875067240077
0.0367756867261498
0.0162780247674733
0.134867246109428
0.0477856449868076
0.0512970496843759
0.082958760842902
0.0088219381197457
0.0432537334152506
0.0228275943624779
0.233318162212395
0.0609813063494528
0.0354376824059888
0.171768358029542
0.0735390610273726
0.0196433720789561
0.0720713900993404
0.0458182682697634
0.0422051567822232
0.0326597668735794
0.063800474601741
0.0541920193021633
0.0104599355540979
0.110562705959391
0.199132774675262
0.0598753418499986
0.0500849028179371
0.0513109010952199
0.0171568196715332
0.0630026713635711
0.0192734339999602
0.0831408123399714
0.00796874497295779
0.0134759533470969
0.0616903412790321
0.0354334818711735
0.0185782218158575
0.0924957634777273
0.0634232069820795
0.113878484247273
0.0445291576339904
0.0569510822919335
0.0249795593538192
0.0540912001421752
0.0443635331003324
0.0395882654757662
0.0193188487015693
0.10524357642237
0.0159620159804529
0.075661979138321
0.0512510952385535
0.0472098120768822
0.0224277836895335
0.0575299359400206
0.0450967966048548
0.0720517547499483
0.11587882698258
0.0221129999022078
0.0180428619522566
0.0310372520882897
0.0753555484133335
0.169193008778681
0.013001830751142
0.0938528544595159
0.0327868845048769
0.0237760668194575
0.0317632659216029
0.0413361395017629
0.0271652902229343
0.0357714849510648
0.0406044799460238
0.0337335444833437
0.0314756832489477
0.0249060774777683
0.0707283683426798
0.0477666839071156
0.0634616990268934
0.0444136560233417
0.0701912374776962
0.0335850171230031
0.00901973257150368
0.0294759054089617
0.0380309930472709
0.0269215705520959
0.0509938327428449
0.0295654761883294
0.0213449588755518
0.0815527509347218
0.048706698783561
0.0512090789187915
0.0508278679944838
0.0230612536044795
0.0192574519674759
0.0229905940216744
0.138890252972002
0.0862691434786228
0.00727033108488376
0.0513369779219622
0.0988268558455024
0.0831273175933832
0.0347347510842761
0.0768196391580592
0.0355858085443451
0.0672930794303532
0.21289169297781
0.0163801754589721
0.0612899037510795
0.0719900695419823
0.013122884761484
0.0249729774126269
0.0388389479598153
0.0150598514010355
0.0217943801335446
0.0499657979722918
0.0993255871483788
0.065903598500958
0.0925899399549289
0.0861266138091694
0.0577131496953048
0.016938266064851
0.0837582186456106
0.0708011406100121
0.0419119223996771
0.100877040236324
0.0254702196139546
0.0630483407217436
0.00904706985748845
0.0149186360866025
0.0687864551110539
0.0267755877092845
0.0210970031233409
0.020236337256505
0.0230543241046382
0.0656106034909819
0.12830534578929
0.0372843654656886
0.0365849928357242
0.0670294773038503
0.0235625735105001
0.0575475878462337
0.0707831759558585
0.0153445436493422
0.0325936738151287
0.134191340472193
0.0178541442769715
0.0757524428539437
0.0237352588867119
0.022587721314794
0.0381402518819403
0.157799226736058
0.0602881368542966
0.0557008364448595
0.0846949906972025
0.0354215605731584
0.0417926517704366
0.075828533778576
0.0795952650579053
0.0633374294388374
0.109747883436735
0.0649948282498695
0.0465599351231721
0.0481798378476269
0.139767139722306
0.0251589932316604
0.0126889149042979
0.0522542955355739
0.0628719933388569
0.0685272748872734
0.0969213039997884
0.0576991527365111
0.0606324132557842
0.0543903051551474
0.0301110481241161
0.141427488551313
0.112176063972859
0.0175560670037147
0.0512029292416683
0.0216052540105311
0.0126423150683645
0.0754861491716009
0.0142311195015388
0.0527128993645186
0.222941958581319
0.0266149577624983
0.0517101790511701
0.044521031290311
0.0427569474405631
0.052301094640735
0.0198349992117576
0.0573130816949138
0.0336066295983747
0.0991513756622481
0.153846809329877
0.0204733197674602
0.111490310791633
0.0638588089617418
0.0243385037217055
0.129465154159394
0.0142483313893635
0.122320745646904
0.0245568220326801
0.116356742012194
0.055225396454225
0.067558275322677
0.0893116127905744
0.0475264525181873
0.0214083770657199
0.0194257106406841
0.0493266694384154
0.0243337933326458
0.0493558362237187
0.0778933492548816
0.041583066140548
0.0213810935997315
0.0493262906851503
0.0224814238161662
0.0130690420551492
0.0788873897951353
0.106568324177604
0.0381700559123404
0.0284702208390303
0.0458982150126651
0.0756105434517642
0.0382624589530474
0.0352143141722408
0.0251761459241233
0.153630769113233
0.092414577291696
0.034859926358694
0.0293829482836314
0.0163726574819664
0.0367075629681406
0.0205151831869337
0.0159803122005712
0.0272522421483913
0.0692117981175574
0.0624219197485669
0.0324567807385894
0.0230604777163254
0.179214794407926
0.0732707632667203
0.0941268248262409
0.0301697954820099
0.0164464238636681
0.0179196430934003
0.152059088408564
0.0358607735930671
0.0356933087988095
0.0553419755185805
0.220063042923719
0.0127601848394502
0.0646220245160929
0.0161977668120616
0.0402982859208409
0.0280356709201785
0.0666688985019823
0.08247283476677
0.0438517998409534
0.0534482853193767
0.0217548776379815
0.200864446962255
0.126068966113844
0.0826005879912318
0.0434515238704361
0.0387837515767694
0.0215662578591461
0.0188557390013854
0.0662138662066043
0.0654115284052947
0.079210756569562
0.0357734072758287
0.0890981706880962
0.0403619825314432
0.00919550959071905
0.097652132199548
0.0182701019539418
0.0852093856181673
0.0593884778608487
0.0578223629869881
0.103977955767005
0.162594419089387
0.0230043067195848
0.126605010044586
0.0368988704637823
0.0142746922722363
0.115740051543829
0.0722270936155453
0.02440159863222
0.0106250109803656
0.109012820128432
0.0310618347769704
0.030189075205283
0.0631514714287782
0.103691274354481
0.0828714601547508
0.0457022953584641
0.16838384491135
0.0424382254444793
0.0682134862568357
0.1117457567806
0.0620067899659023
0.109037823501609
0.048106808510411
0.0408387079246412
0.0807006583993089
0.038583996922903
0.0423163935640106
0.295811137575073
0.0607312872948345
0.0176404757573757
0.126025073384987
0.0477812694908848
0.0479190192950551
0.0136242538990398
0.0295034028463968
0.122630578735474
0.0558087983017954
0.0199411195269944
0.065935118492875
0.02860410116737
0.114243495770859
0.0335824108643887
0.135322765162736
0.0653226307577422
0.0572357139620782
0.042558504427138
0.150846199449563
0.0759011403920513
0.017856941587013
0.105727997097997
0.0658521381222
0.105615172719795
0.0823538173924518
0.0475990363157864
0.0718868376543459
0.0500877707181474
0.0207562606525511
0.0611339340078664
0.123682433689226
0.0547701823457473
0.062134613701588
0.0330936019333071
0.0526223890689971
0.13234583407105
0.0209871516391134
0.0190847407228789
0.0125753010269606
0.00665267121709471
0.0480368934997243
0.0519959298977093
0.0626652670819578
0.0161305089506318
0.0667869428488265
0.020015947686589
0.0770771564884524
0.0712188573310771
0.0140470873491601
0.0287886678454226
0.0460989217967826
0.0384088389411581
0.0511261831843041
0.010306830354645
0.0745572660305138
0.0425304213739311
0.0345779305991113
0.104173363431693
0.0282945728055391
0.0527550762445813
0.0100242279787928
0.162300200018634
0.0986374234972287
0.033804113878984
0.0257708212761348
0.0463206278189402
0.0466314335384571
0.0868269181523885
0.0362458400230079
0.055220984837687
0.0212697670829079
0.188484387183956
0.0456740621404507
0.0531611400967304
0.0202760760816714
0.0239172429507825
0.0158214158310613
0.0330960706954462
0.0376090815045732
0.0971635490251249
0.0349979489352805
0.0177404333041439
0.1130152537113
0.0665422085990768
0.0187804046623381
0.0520600416833236
0.0139384228182002
0.0347401936677229
0.0338876400021972
0.0644460336543643
0.0125957898593064
0.0431495849871239
0.0406657535311901
0.0260237582419699
0.0358921320579113
0.0431889563645223
0.0121676287680927
0.0198017201932848
0.0326011503578165
0.105542920003807
0.142152449451076
0.0282591851871385
0.070721881835716
0.0634186645200123
0.0197128850613918
0.050095323530408
0.0104729595139701
0.0704502761289317
0.0110031270177654
0.0317145063620313
0.0152301942205414
0.0464948324278094
0.0607122437310117
0.0447781853510339
0.105592190375956
0.0513502924447499
0.0156818361006615
0.032548483365535
0.0205684768128722
0.0485223675238468
0.0599688724943691
0.0631708699137512
0.0768161933170228
0.0490919695289356
0.0389504470014629
0.138368935020028
0.021236468614715
0.0324328621275045
0.0260484820171384
0.0667251557597014
0.0530399660414654
0.029532543867811
0.0123258213216115
0.0501429193144799
0.02493142226131
0.0236754814801004
0.0448726215965775
0.0771791505496991
0.0148475643639621
0.181459586873176
0.035572025048309
0.0399300403706696
0.0207329625013783
0.00897755605390273
0.0309268944180866
0.110709330918704
0.0589458679658269
0.0257414140739327
0.05800046420391
0.0513567752787335
0.154040786007298
0.113038342516281
0.0173547090811967
0.101058751191441
0.0602245757190697
0.0635721780720643
0.0382015488931948
0.0306355797669594
0.0205150853895363
0.0389967979226053
0.0198565130407751
0.039465452668027
0.0356064579427014
0.0780798991323699
0.0177070750905896
0.0499506533807616
0.0236725940989757
0.0244965632189658
0.0382615505189399
0.0201888864180549
0.0501330265059038
0.0132733185102093
0.0124389529826235
0.1346480698918
0.0317053818076395
0.083050879712638
0.0339474671489729
0.0162743229586996
0.0728030312401175
0.053100515073414
0.0124932741508398
0.0319101165431083
0.286641072308478
0.0267182254072886
0.0542344118075929
0.0481940527024153
0.0743952133114064
0.0486273705566422
0.025331574303115
0.196439026325653
0.0498655917031291
0.0116763812333422
0.0237137847853666
0.0339532375279867
0.0112422934477196
0.0202305697235347
0.215185889472835
0.0766466364540753
0.0926580438859221
0.0358797271848178
0.0476193065883767
0.0237300522123516
0.0882971743168039
0.117594926313896
0.0321304843843328
0.0774767276294267
0.117631227723263
0.173644580227616
0.0568854789233906
0.0448476804558513
0.146018487695669
0.023687798271812
0.0461439649960243
0.0231540860117498
0.0674169968708849
0.0338433130913223
0.0186098406684203
0.0299620598832342
0.0244150623440924
0.0868339701768395
0.0844512801140841
0.0390047174111653
0.0442624594324928
0.0523281410923973
0.105739399801109
0.0311921972059914
0.0229705966091377
0.0518594123531755
0.0998469654567471
0.0434091627340859
0.0438892193174102
0.195736358627352
0.0221930196440956
0.0591850633876032
0.0349209751724107
0.036339311767118
0.022043085133823
0.0945966434056074
0.0532362802657714
0.0309075769090488
0.0335861656713986
0.0345158924862732
0.00992707069066658
0.100649211569899
0.0412308739814368
0.0269193150394203
0.0555624631406528
0.038603307309825
0.0801261161414097
0.00465132124572642
0.0304299650691906
0.0349364547150618
0.027460440011191
0.0534342474586826
0.0552484993224245
0.0249510700866598
0.00902900711137233
0.0202010188915553
0.0334794017469485
0.0927377636380839
0.135383193882505
0.0727930861585045
0.144054626090523
0.0291364194800435
0.0668272057495379
0.0908493637371074
0.157458657461812
0.0257416965241368
0.0547640133413716
0.0396046878417875
0.0332070531223078
0.159280453719691
0.0820705086800288
0.158496340944296
0.0354128548333165
0.0726764295224806
0.025174219404758
0.0295596870079762
0.0406455587386645
0.01392497720714
0.0364565027494402
0.220853582241987
0.075199556468895
0.0233725792521415
0.0689118449788564
0.0727480826452749
0.144042003320262
0.0194521097876187
0.0380892480417745
0.0334670834314389
0.113709603456972
0.0174789832178222
0.112271913602971
0.0417302488517799
0.0579258758934832
0.0706436156454991
0.174409013633182
0.0910910096115956
0.0486259522374896
0.0258434561462919
0.114703925937849
0.0260541932096601
0.0488546978281045
0.0799248754484954
0.129546177369033
0.0105004074680384
0.0277516669842077
0.00937580858130516
0.0116849911314314
0.0197897442582011
0.0796206682000094
0.0615847945021973
0.0132948621127163
0.0288121096071528
0.106688811481381
0.08171876826384
0.081252444452539
0.027935886628643
0.0182379246295772
0.0574058085929195
0.0175472555199665
0.0280841029056297
0.0807161859711569
0.0435142676623592
0.0477485200538287
0.040216090945283
0.0371337890028505
0.0254053378570266
0.0854321209581071
0.145088403462792
0.0247071798470937
0.0485597168076919
0.0697179472776511
0.0253314985824161
0.0360645442961924
0.190810280158491
0.153663575266324
0.0636748031305838
0.198679483768176
0.0130611111011795
0.032949212371816
0.0994766481894178
0.0485314695150472
0.0163767572957161
0.0820823827250787
0.0327734409733242
0.0264235893807383
0.0795999534278395
0.0513710629701116
0.145999054231178
0.0610914496763693
0.207049276305434
0.0103033471489169
0.0867366596175452
0.0525683189529421
0.0531130951101621
0.10373122063651
0.122350329370793
0.0435743202220726
0.0365838780963619
0.0236508795206861
0.0485342010957655
0.0554981368543923
0.0455782368433407
0.0618414682821342
0.0154109000766264
0.065881389998883
0.231861410177765
0.162672699489294
0.0230253306210536
0.0374357416205935
0.0930128589117705
0.0827143574125817
0.0150737658555389
0.0222053659017454
0.0466875166515186
0.0493215001899008
0.0202716569507695
0.0401724779416014
0.0533814982600336
0.122614569787628
0.0548156617864788
0.0197384112225305
0.16728241649914
0.0886074857325875
0.0504209422715557
0.00944495934307376
0.107754810645309
0.0269290576540496
0.0300731076770329
0.024196088187639
0.0939591755130097
0.0487135913989807
0.043527783815295
0.0398006599330542
0.0383292968674563
0.0778984744684083
0.165311755853345
0.0191129235988944
0.133429426684007
0.0404819777639727
0.0318169909524642
0.0375187214152373
0.0963309604117372
0.0264526914174654
0.0258804950894533
0.0598242121125913
0.0155064468162665
0.0488691959765643
0.0231625677010469
0.064536238069697
0.238205135351189
0.0222764084268958
0.0241421304738935
0.0338166513609192
0.0826617883563936
0.0422252509244178
0.0845497374346782
0.0679526439198514
0.0547297845399039
0.0340679937059041
0.216785814051841
0.0519772464093709
0.132519727560452
0.027061618064084
0.0623278430629763
0.0199675413700184
0.0646212075894237
0.0325516763854777
0.0379996708383576
0.0567064294999284
0.199401169869163
0.0402743382230994
0.0601334953542303
0.0588535041519936
0.064136337189124
0.130596216850305
0.0406338865945673
0.0350070203312855
0.0504935416381543
0.0793269859212474
0.0288021037204718
0.152057208359984
0.018956344011136
0.0570534373204664
0.040717867626909
0.0209629933162639
0.0508871582301283
0.0199027393251098
0.100220108842174
0.00922148219533591
0.0189157786512955
0.0345206565519657
0.032839016253524
0.0236615708548501
0.0273111553334807
0.0256016870466414
0.0709053139096239
0.0578034448142881
0.0379417341197667
0.147977651962164
0.0577851906864194
0.178891185714963
0.0376621226526847
0.0152614630434693
0.0226273658543232
0.0124140027230598
0.0336167079774194
0.0816241443808299
0.016548773654766
0.0222196325680983
0.0131516257661877
0.0345244668674074
0.0170980767879503
0.0280553075446509
0.0139279687870573
0.0548568484225211
0.037794248723779
0.0308073763732127
0.00997853308083639
0.0527890011194916
0.00951009454050211
0.0385201343188115
0.0872518793189295
0.0167162875564581
0.0869248282212472
0.015596862327327
0.0118039842519065
0.0451923783864303
0.101650978110611
0.0391733462077035
0.0214943135088103
0.0281604304744492
0.0251221348168122
0.144728523339463
0.0288438842294443
0.0104177206127457
0.0109926541224484
0.0430883409619182
0.0426704486525472
0.0875024400708262
0.0304253555769339
0.142890001751982
0.0575105755589218
0.0270528045895739
0.0229442442516594
0.018188499474792
0.155457528115299
0.0355227548676836
0.0387104321461803
0.0836962766372044
0.102422765678844
0.341846162876133
0.0665688297923495
0.00949589350153147
0.0859564096822068
0.0139799930394235
0.367563553487197
0.154300411336861
0.0592981978650267
0.0350594792219491
0.097413549693542
0.021624723652396
0.0429469122295423
0.0149705553498163
0.00643509673710645
0.0460111868923896
0.0220434989580498
0.0158709562948881
0.0329430807980131
0.0156562763379078
0.0411498136209352
0.0275881791718816
0.0951431145843572
0.0735329575447008
0.0686182715926358
0.0444623050641552
0.102031923160856
0.199213326052476
0.011355585356775
0.0126273626306092
0.0417252842895963
0.022118103676575
0.0317364943132952
0.106508637591004
0.0684460151076991
0.133799290800606
0.0279612261018461
0.0335869998775698
0.0717125097501189
0.0738209147204844
0.0491443598321359
0.0596423239080646
0.0542697741153324
0.039489852812922
0.0315392210686487
0.0198742232025086
0.284675768930642
0.0935416389486426
0.172538859773886
0.0150533440212283
0.0591477153780551
0.0511550419454726
0.00962571497154622
0.0435579896604038
0.00927365502004422
0.0494887042678165
0.156280462273552
0.0321577718142148
0.0805965200169118
0.0154426537835471
0.140961592053744
0.0649084953159756
0.0588316029201432
0.0184637394777605
0.0799381893872976
0.0616858420419419
0.0754252558604021
0.0663695000839527
0.0248026220377276
0.0278950676265096
0.0271906776571315
0.171290707782589
0.0608926556709913
0.0564871486005842
0.0286801958539326
0.0278327323470441
0.0133743894503293
0.097065623515277
0.061113852177479
0.0997002311272342
0.0881957210406804
0.0573128765049229
0.0374102018810173
0.270840990584432
0.168613038753597
0.033647560109852
0.0384909525591671
0.123728107273009
0.0631195077300502
0.107423693991965
0.0394181017566772
0.0268323340597297
0.0364017732117788
0.100158683340925
0.0237906062172183
0.0810085977782688
0.0317837638551001
0.160586247395085
0.0921802945410173
0.0325782484623831
0.012277081972589
0.0334917709987062
0.0146478089118821
0.0498863972683309
0.070278525212918
0.0239228452851765
0.0813034838781897
0.0122748656856302
0.0328677601311952
0.0899406301735493
0.240540999359798
0.0401874351286294
0.176049385690464
0.00596455585953663
0.0328431713562313
0.0504720680994568
0.0258495706288212
0.0179711280739962
0.0247206133865883
0.0210830275546276
0.0973994211949328
0.0572395297889824
0.0108687362496014
0.0639412078931354
0.036413696562236
0.0350952560329859
0.0154085994766005
0.0377885113833797
0.0261780728824196
0.0401723443694367
0.0567707299653291
0.100249027033996
0.014917383366005
0.101646135029339
0.0321117168335872
0.025478206660944
0.0848945724817336
0.0402152016734575
0.135100251432936
0.0510680881094898
0.0465566624720218
0.00728258414022875
0.214081755960213
0.0304855486497531
0.179191987405673
0.272198768742163
0.0501518446620683
0.0580007189221119
0.0365826346439684
0.0410762150870475
0.032998079729468
0.0228311828912563
0.0296607405969561
0.043514444110455
0.0160864351899226
0.0507352238803381
0.0138995800629596
0.011117623179702
0.0390188959186065
0.0151870059178057
0.0212027058611827
0.0992558617489873
0.0638811656223064
0.269421668029725
0.0165301366171754
0.0394707055345492
0.114979515857595
0.0295679761277553
0.0682606427222658
0.103263288580061
0.0935433000654002
0.195228219650248
0.103079945302306
0.0183666854417039
0.034450708064679
0.0151856199586471
0.054775953655579
0.0535301617922836
0.0354290579689694
0.0590272948944376
0.0180571294381639
0.231020578168363
0.0164817752990227
0.0340066242058118
0.0518651085768721
0.0133078496951082
0.0544672438319085
0.0295905138595721
0.0586597453840501
0.127119062979285
0.0616450335260623
0.0765846051260486
0.0244554142981471
0.0247379732999014
0.0655951881805819
0.0244615748927805
0.233266232776821
0.234515834538336
0.0413437206494718
0.058020577071551
0.0282071096637909
0.0986276700277038
0.0153865306166772
0.0109991241031756
0.0117786451844885
0.0403811607224266
0.111237121785836
0.0639157753014112
0.100177763744416
0.0229913589513426
0.0256041868820276
0.0488239081985746
0.0174983193843136
0.163362975542268
0.0235727601194641
0.0495152502236831
0.209827733408811
0.0205277216018454
0.090589093019214
0.00986154990800947
0.0998303298424713
0.0340117289223235
0.0840552092019324
0.0162253387860697
0.0315165519082566
0.055436349875125
0.0543651736827844
0.0561759712798868
0.0222338838377476
0.10907834523666
0.0152441098681806
0.0554998680353107
0.074123338219831
0.0847320526921266
0.0864675208148896
0.0684943643556113
0.220372153291217
0.0698636181683526
0.0434934493926054
0.0396432613149627
0.0191229242518542
0.187382219018646
0.0732682267270078
0.0765007877492782
0.196394113238369
0.172745421463867
0.0497780079105661
0.0548044353873589
0.0214417669018564
0.0176024100440646
0.077937413747131
0.0100766868015131
0.0608936947614589
0.0255328784936027
0.137848900057106
0.045913781566359
0.0372146219107195
0.0547950470987939
0.0428159517335748
0.13981655404561
0.0534510440161322
0.0206089901073614
0.0370260117264175
0.00728087479385928
0.101735226995919
0.0297165135812286
0.111527250865222
0.0254980383617831
0.0730357831850284
0.0378202957866002
0.0735333074314291
0.1492063774176
0.0265315864016986
0.0472275276123533
0.018759960595627
0.148046182695327
0.0111982568901254
0.0886743530814693
0.0145037899622097
0.0256842417711797
0.099535480363907
0.13745040094157
0.032870817255722
0.0444040857574771
0.117144377119483
0.0642739153091456
0.0134743282356766
0.0754816206011814
0.0217931723453707
0.0294452833828539
0.078489194709544
0.163448059261656
0.00950596106545662
0.0363030680514678
0.0191549227607127
0.122201989498235
0.0575751364421641
0.0358992241308766
0.0447054028607894
0.127973844446843
0.100336830655006
0.195348471449085
0.0408071581785022
0.0381675962995968
0.0383641261622929
0.0233497508001772
0.0639828088245354
0.0674960003461358
0.1182778703356
0.0698351063514731
0.0302100166218958
0.0738203401330878
0.178039448720399
0.0112951900964062
0.0543199255426945
0.0442640073463417
0.123975119853699
0.0510811047211649
0.034437181245567
0.0116732131331443
0.0454527788733527
0.0203789769588973
0.040715064435504
0.00927947598019353
0.0401651646717813
0.0462256610439074
0.111421391189635
0.206846636715555
0.0277617600157806
0.0272896768351959
0.0655800792525734
0.00746108788172231
0.0505200356722515
0.158731554195122
0.0483983538039808
0.0692572737861128
0.0341525360468922
0.0708240353450336
0.0416620773105406
0.0363720963420038
0.0678654930457538
0.0489900476826203
0.0552209136018487
0.190258025863942
0.0787941946521715
0.019056946294557
0.0567834079924817
0.0817513894782556
0.0873136656122391
0.0288809186009911
0.0108769287286559
0.0616907112757288
0.209118487802678
0.0365073561356408
0.0232226902228606
0.0200131542986029
0.031590952471948
0.220127854341292
0.0724727255863579
0.234058622615172
0.140848389357917
0.0574057735992194
0.0604775868150495
0.0103438979002528
0.0382643296401471
0.194844980952152
0.0692178191240471
0.0122621147614251
0.00954075269214603
0.0407094346887893
0.030110389340804
0.264949434223954
0.0770648284698422
0.0764305683682632
0.0436837392020346
0.0169089856256276
0.0839104642558725
0.0627591861901759
0.0385902717841862
0.0643640929081399
0.0385463937857018
0.0676225807790501
0.0651163228263611
0.186114834227017
0.0174838820375647
0.040120096224592
0.0139105126671961
0.0244110058661882
0.0203898156472062
0.0679199465287354
0.0308711952739078
0.0544920087583522
0.0448650495481663
0.0559666741692955
0.0510061008430678
0.0790608502990736
0.0423766678751891
0.0633406656738359
0.0467521236124198
0.0238139932643018
0.0469717103050873
0.0184458767720234
0.11461841742907
0.0595065502056704
0.0259746199216457
0.0343186273851081
0.0187521722624157
0.0226888357917471
0.0331586235977769
0.0259769778063081
0.0111743009793663
0.0674565435619415
0.0667775645827531
0.0564706325289594
0.0390012656175196
0.202595314539998
0.0626061985881011
0.0695932291650601
0.0491692651891597
0.0482330201070147
0.0127797384418071
0.025744233264062
0.0558428851492449
0.0222730584654361
0.0655948409689377
0.0463534767281769
0.052547144082121
0.0285278886315974
0.0209355119014573
0.287586676567434
0.0281031985457616
0.14281846934697
0.211246921865566
0.0511031695009886
0.0913249197168557
0.0669495198524407
0.022751076815308
0.028500354662564
0.0156619844477135
0.151247139520307
0.0948184336070632
0.0857151568484658
0.0302850295880538
0.0910963271756485
0.00766510337587442
0.0822428421529715
0.024487340319823
0.121367015825728
0.0302099322165141
0.30190568857853
0.147420439484027
0.0355402624892878
0.00749201946451564
0.0474332899149109
0.0220400147955038
0.017793102142907
0.0424880198922968
0.0482455446505964
0.0228138393058874
0.0525742257781541
0.399275497224011
0.0566546032337585
0.0254482712341846
0.0116198199540608
0.0164375215771029
0.0134716038850691
0.0304101660953278
0.0147932484175334
0.143256067964072
0.032730880455606
0.0234425852800133
0.0408047584470556
0.0431155654860655
0.0233487298344111
0.0153021249117754
0.0293302837744145
0.0447712502892873
0.0162503115360386
0.0355798170911962
0.0191763219211195
0.106036457323137
0.140281100848177
0.0458403869153744
0.0735048863772079
0.0149522116183815
0.0298250410834297
0.00989807118264031
0.0311599348511325
0.0257000431963019
0.0122417673509857
0.0341188522870438
0.0426839709780613
0.0136199683371444
0.121439662699114
0.209301127200717
0.245198529435308
0.0637710525234698
0.118572697370417
0.102533604236166
0.086483220461125
0.144711581252698
0.0490138090103412
0.0467306126337981
0.0264031291810984
0.0483964743348134
0.119232270535024
0.0466799667744053
0.0423964402414879
0.0859563474682817
0.0931524915528687
0.0363503561344706
0.00786893951155511
0.0205398114973079
0.0246956879138587
0.0122539447930759
0.0542369898484876
0.0131466469575696
0.0259872553866625
0.0169829524318261
0.0280096947602948
0.047473883896722
0.034910475896145
0.00938956703048737
0.0210469008531731
0.0812872237631632
0.218514914228366
0.0999131426886812
0.0263087874512302
0.189986849758873
0.0468562788259312
0.0294699726499613
0.0375055039212548
0.0392068688262766
0.0433850342769309
0.0689018352077114
0.0328678955489413
0.0135038717225523
0.119328835884234
0.063097573269448
0.215487288369555
0.0154499865955583
0.0250422019818227
0.110425804093669
0.0227171481817908
0.0110547147725331
0.0598022057317047
0.0505799394008793
0.100552162623979
0.0543157686717722
0.0366384089234527
0.0426876999659248
0.0503550195580096
0.050264422892269
0.131692550291691
0.0982104365373917
0.0327761998251869
0.0425752092675589
0.0590738476032649
0.0423189526079384
0.172843217088707
0.0899580687702364
0.0350223208618146
0.0215685649855745
0.0205076781846516
0.0353246279479629
0.0603917883907335
0.0370030837164736
0.0192602165413041
0.0331003252510985
0.0289237426771105
0.014944972834712
0.0158364120148255
0.0310114356459219
0.255252598263945
0.0588554449002885
0.022227238281469
0.182578103248939
0.0133617807221631
0.0150987702547776
0.00789886850698428
0.119514187961895
0.0322875723742598
0.0370340872341438
0.015969623452339
0.0493856247757331
0.0609176240693801
0.0373202647780161
0.148715628941118
0.0487746712306989
0.0562566192996194
0.0561903669831152
0.0477939160113421
0.0752332974904735
0.0477492650254597
0.0396454046306333
0.0244432329789798
0.102708724126906
0.043077543478214
0.143649891181977
0.0407737427231789
0.16432184053426
0.119495254332914
0.037200419080896
0.0142923316257899
0.0133487818178007
0.0136260494391586
0.140235131175466
0.0662077939448468
0.304116565096077
0.0759994374304106
0.222564590450152
0.118784417877862
0.0711759279178098
0.0557380490075852
0.0958617785141798
0.112569981553116
0.0526284661399146
0.017802716523774
0.0765845001453333
0.0548137240617916
0.0362573691280053
0.16846315275549
0.034738690004135
0.068945270446839
0.0234088206514882
0.0391986118987303
0.113307959309002
0.0694512975327902
0.0435386615909724
0.013658896789761
0.0176728347504061
0.0551501934527324
0.145618278926119
0.197966610332357
0.0328260360954433
0.0596419258119825
0.129420769586337
0.0235309574555408
0.0214699377964847
0.0382616402177795
0.0652748923418992
0.185814649457347
0.0607469878136945
0.0330788470046766
0.139494751550218
0.0273737822982158
0.105345263059982
0.0216972273703944
0.0113717426876347
0.0454348685424175
0.066278639742566
0.0347270989718336
0.0821582228532756
0.0383527712683361
0.0777206987994939
0.0350456878197444
0.0607372448654869
0.285502390305216
0.0132111006366186
0.0394086627993403
0.0109960229794527
0.0457890079976531
0.0595853666563587
0.143644073838568
0.0900753092190746
0.0553030021775339
0.0823117787214036
0.0872003562688526
0.0312744458297971
0.00776647326912807
0.159900949114387
0.0487970566313833
0.0286490184998459
0.00914112291541476
0.0526208082550596
0.353365355476169
0.0329055689937678
0.0485315307430356
0.159449172071376
0.0152514939522704
0.178685632551733
0.0715768154089166
0.0550876723976976
0.0376381231707717
0.0701288137775219
0.0936709504129751
0.0497977712124965
0.0327020846433553
0.0636225329083384
0.0444284901518609
0.0198916614403344
0.0115226662208109
0.00832880572191803
0.0753753726700045
0.0794369080433577
0.0379718577159028
0.0546212458044851
0.230009906759271
0.014933019689315
0.0267116350792856
0.00955912989184624
0.0492131384817918
0.0106620089503983
0.0588949721344368
0.0299887777602972
0.0123273279697175
0.0469214600018104
0.0605775542658498
0.0297275098729526
0.233611075654799
0.0508030444005547
0.165731282114488
0.08177932826536
0.0224054832501085
0.0886075181940608
0.00888451414869669
0.0518752836809597
0.248259146697363
0.082393181462586
0.0959638251829196
0.0850131301787687
0.0429402785339164
0.285074954249122
0.114311897231698
0.0468921329816817
0.0244779923505469
0.171127385856792
0.0280898311636956
0.180981076084362
0.0625136777717392
0.0269778112384241
0.0260848275974665
0.019079398284479
0.0466244353531189
0.19255136648574
0.0945148708314452
0.0141779711909381
0.0730620481791748
0.0403538141468129
0.163804224691057
0.0360655841612259
0.0482056466848205
0.0439936451986542
0.0522017432576813
0.0176303969414158
0.0315110367376364
0.0445302150431333
0.297365578011645
0.107992078825137
0.0140092301375666
0.173148602709986
0.0442141581479672
0.038113171641727
0.0135388748582324
0.331460582223574
0.0249328625121722
0.0614575985240362
0.0739645269032293
0.0527434939415301
0.055314316631858
0.0699058938743171
0.0128780538508471
0.00934534449166873
0.0735283517822454
0.0412479643113735
0.0697567234211962
0.0185524681073606
0.00738670030130904
0.0304709008533483
0.0314099952564249
0.0194795351744351
0.0706011467996362
0.0527875658536931
0.0151152516267291
0.0345554696634295
0.106677059635811
0.0259749403809315
0.0460914888405473
0.030947348977085
0.0946198317876899
0.0526215346293396
0.0198362994334939
0.0942733041489701
0.0862549907428789
0.0604331070442746
0.0268288932433916
0.0917577658310006
0.0409920478654459
0.0379954668379421
0.0140598328404971
0.0580407492287264
0.0659774201526837
0.0320153147194602
0.023204315590795
0.0362800809434163
0.0320360644322542
0.125530084917995
0.0532741164975091
0.0291437181427465
0.0141971446349261
0.0299767207151193
0.0135897149812361
0.0506496013105854
0.0339613935786572
0.0497276151197236
0.0160684897941779
0.102237352283141
0.0391986118987303
0.0222798829696958
0.10287662535965
0.02542779511648
0.0474543432988691
0.0307188149780934
0.0827680010333559
0.27375751026235
0.0292122027221387
0.0910670608845166
0.0804092226831914
0.0335086297168203
0.0686550328878174
0.0146243736079987
0.0449302360862465
0.115047260088364
0.0229035828947479
0.0457588060372503
0.0433512609484197
0.0491433633100138
0.0136517183724719
0.169772913616465
0.0192877499303991
0.0360607850146148
0.150491783204371
0.0287526198476053
0.0202985456559505
0.0151198242888455
0.0182852334257075
0.0552181756601838
0.0237301305881386
0.107334154470251
0.0206861638584706
0.0224654992206337
0.151290400968761
0.0404571309788048
0.0399946783185027
0.0625113550190515
0.104845022920536
0.0536723094199504
0.117825159086775
0.0238817927616818
0.0321511969851708
0.0672376378932021
0.088960795337208
0.0428565577901261
0.0631140209441929
0.0259251435806004
0.0704206715729339
0.0149982152009031
0.0206454476982703
0.012546610755564
0.0110466947177984
0.116454272170273
0.0108710971956716
0.0137820950155895
0.0333033042547789
0.0152806657002637
0.00865128979350988
0.0320013806189559
0.421834291215642
0.0168130285476106
0.095192679573936
0.0705034744563049
0.0164671050883988
0.0705651395520415
0.0233620269014374
0.02679533484836
0.040941524234818
0.0821877724729998
0.0570018902416182
0.0433422218595063
0.124942783018184
0.0190615321052568
0.0219565273244765
0.316788904855014
0.0215349756002025
0.0551646827699929
0.0503651235237959
0.278673471644903
0.0247267192766733
0.0994622436780382
0.0692667476236408
0.0636142278193292
0.042051921294108
0.0580818534572586
0.196617546566213
0.0475131282363348
0.0191917949115611
0.0173863046690479
0.063052046314407
0.118452729040443
0.0377160564420478
0.0682868560786146
0.342313503516686
0.045025670197554
0.0448203529639477
0.0390360613634046
0.0383797932636686
0.0434842118216853
0.0662637985399201
0.085917224799996
0.0382618487696534
0.0770350720530048
0.0873631432994386
0.0401293806165491
0.0412544297855574
0.165585277780788
0.102662966972252
0.0719798826346161
0.145878621937201
0.0155615967993018
0.0729311275425054
0.0127930249241973
0.0730438424131055
0.0161108765262558
0.0395960623434014
0.01922677670572
0.0682543761271661
0.0577673002541463
0.0379312381436262
0.0183162849036685
0.309421616053147
0.0520267194797218
0.0773171894247435
0.104813517699632
0.0584568254039251
0.196393426087672
0.0722122600955926
0.0560457045806117
0.102963395153376
0.0303068286784087
0.0365260816651557
0.0135515415300258
0.0220984655578652
0.0569874145979658
0.044427820171845
0.0106147233486916
0.113525864942972
0.331492424005058
0.0649309197915946
0.0203163120165176
0.0840985188956172
0.0257215401092167
0.0265005880640684
0.0386080317609955
0.0526545990293284
0.341296968054621
0.0454085974062743
0.0553836315648821
0.00919073275457588
0.0197646501006152
0.021693343879491
0.0926929106177693
0.0280128172321028
0.0903606227616418
0.105452543837432
0.0136111347058192
0.131969773322303
0.0435215176445509
0.0230655753188974
0.0920147819497053
0.0252112217348528
0.0557849075541094
0.0198057490498546
0.154167639639789
0.0340892562011015
0.0319063043615256
0.0877853818324313
0.127133972181386
0.100848402051869
0.103079639533702
0.050512340719437
0.0449479990910416
0.0516824593097231
0.151937917672329
0.00961489796145432
0.0280782435336401
0.0285150849098355
0.025265236932543
0.0147070871207775
0.0349803733249788
0.210488213663414
0.084468512333447
0.185932703929455
0.0837720602156484
0.0519790195845368
0.063090101142479
0.0136497269477617
0.0567983615773976
0.153824252855603
0.0610395033681049
0.0670572327642475
0.0209762227325474
0.093668198780381
0.0215914999472939
0.105057979173547
0.00738533992586709
0.0215289258779381
0.0215830560581492
0.123243090893063
0.0869270449665334
0.092155753086719
0.0218307889245626
0.0534259508344051
0.024766816884859
0.0361680346506511
0.0814414821756761
0.0245918162887744
0.171801892943976
0.0475568175469593
0.105452583961439
0.01600500529242
0.231098646229728
0.0376060719456941
0.0144481879661031
0.0336277575122946
0.0746293875043793
0.301066392638659
0.0308658173705666
0.0575684780370305
0.0233898117176257
0.0313770694454932
0.117104490111734
0.0374393796591581
0.0220700862082286
0.0211043085689566
0.0653739767246549
0.0222562627494465
0.0342208656067426
0.0840043260803494
0.0106748467402043
0.0170275026052208
0.0440523316768631
0.189784796400665
0.0617331651277538
0.0376569532376525
0.00663407857897514
0.0165787774939698
0.0727080438512843
0.0902942809227625
0.0255886689624021
0.0571745545677787
0.0842882162303988
0.0136714728493726
0.0687549297744303
0.0353167870022648
0.0522870349048599
0.0233611638629769
0.0749858062950427
0.0651420084742559
0.189807970097903
0.0489699348716401
0.0650135714507558
0.0354715906625075
0.24221248984694
0.012235972458376
0.0119390562525129
0.0981964992577548
0.0878357684075889
0.157611179425065
0.0318754057012332
0.0455228526097192
0.0356423403538664
0.107505597469923
0.0800003997474337
0.0127471824637253
0.137395055009477
0.0483850858716236
0.0123642672854075
0.10037136974957
0.0127297653062798
0.0536519665062688
0.0676557880821733
0.0497845946101454
0.0064529393329118
0.0531891417832824
0.0569915966698137
0.0650756059783934
0.0270423728321794
0.149056851662924
0.0485568174757694
0.0336662099246357
0.0400773793857225
0.223721181285615
0.0939444101306185
0.0525295573043788
0.0280957718677055
0.0402781267001939
0.0456369982272155
0.0430120232632095
0.0421917571431862
0.0337694752097047
0.0289915298506656
0.0469651351835595
0.0716624516682256
0.0877977639524172
0.0682905206653887
0.0613383878089069
0.0383174923426537
0.0237339460622471
0.00607871597979954
0.0171757095818384
0.0605851448022235
0.0157214533309038
0.0182195143393497
0.0239636561245323
0.165123327876679
0.0593913661108972
0.151164229740877
0.0232058338706401
0.024232538389692
0.0483917179896505
0.103107796396036
0.304394050282738
0.0729347673147943
0.0142096681796826
0.00950920381795313
0.111989220576677
0.132740562542098
0.227624088633611
0.0129211531474617
0.0120965687465245
0.089008266564153
0.0540613601673293
0.247124760646087
0.0283394433738976
0.0471265360668922
0.0219224912095788
0.0288235897985263
0.0538658857862093
0.0182538348044183
0.0414253258666857
0.0825231512849883
0.0853229971772359
0.0567097043423121
0.0812275113506539
0.0086145160124
0.0238143769625676
0.157461686753029
0.0714900150372085
0.0551770376667275
0.257526756339151
0.0422881139584975
0.067757368399609
0.0171514650809679
0.0396434409930921
0.0240738204787533
0.0310335949196886
0.210045559166233
0.0319812077277859
0.0131687697675002
0.0653921099110111
0.0840903366101676
0.0111810302117108
0.147060670842407
0.0156516326132566
0.053649050694659
0.0316448636356452
0.107855063419478
0.0561034216548768
0.0147214827509848
0.0703159494357355
0.0146352705521893
0.101321979975468
0.0081613304763127
0.0659599020014998
0.031702029861667
0.12946473216659
0.051298956204048
0.0397366651153405
0.0657749352839757
0.0195033011592359
0.112729810850785
0.0312546023056784
0.129196764179878
0.0473669035209932
0.0260491089737757
0.0145194864441411
0.0304697038716799
0.0207113542432728
0.0660108845488637
0.0235386367612257
0.290956338316146
0.0790643137299153
0.0125798622925318
0.0240057525736549
0.0159812117706871
0.221592987883602
0.0995208291954294
0.039450397273556
0.0499536639022158
0.0270527556284126
0.0440211975933368
0.0514132982892442
0.0377054217638537
0.284918144528361
0.0594566352138748
0.0314495958497736
0.0415005041175826
0.0550000770559267
0.100223894202749
0.00921330599249743
0.0721396946240324
0.126765550609068
0.120004075653492
0.0354711471561226
0.063230421859624
0.0234184893081623
0.0260401251794164
0.0925962288655804
0.0124396851288326
0.115225338080126
0.0104044200235005
0.0218089997385507
0.203703060779985
0.286160449453395
0.0599558357506428
0.120653331098789
0.0371385713420025
0.169721564850432
0.0158332698497409
0.0444709635504965
0.0592610624999605
0.00998847510283322
0.0653388925175754
0.0252762740410386
0.197992473820313
0.0435636675190268
0.035731547126485
0.0201525237101295
0.0111591549946808
0.0154493007837819
0.0458452475229618
0.0350110232688589
0.0832508977811873
0.203527381550816
0.0945296471998048
0.0397439306085507
0.0548071805690074
0.0801101586043949
0.0583938450024094
0.0148052125226831
0.031739381245267
0.0829117060138359
0.0125877142847509
0.0320868372995156
0.110398359972185
0.159913709902943
0.0305294334903001
0.0772361863462485
0.162831147439936
0.0256315221707165
0.0426305041937976
0.0268434489133538
0.0521997546328401
0.010711647473201
0.0158840467334867
0.202087619889781
0.0401595662661054
0.0532855402081262
0.00637685492005305
0.0166308643401267
0.0991392003960442
0.021307981388646
0.181036965815231
0.0972459195336673
0.0638274183506849
0.145842715407167
0.081976089358698
0.132159559951315
0.00894355035607695
0.0461307488150077
0.0649450111675933
0.0150696376099812
0.0147144006490648
0.0330826978790474
0.0358538062557541
0.0512375938650555
0.0481283471111342
0.0311869293031809
0.0246426276162604
0.0664241890120486
0.231787212713672
0.102802971739628
0.0740380255244801
0.0941355183064445
0.0598020007469751
0.0366166373528727
0.0109017832883833
0.129222587618503
0.130682996959875
0.0900353878319354
0.0164581293585024
0.0460231630263944
0.0306618356652097
0.142348039164373
0.0366803333466457
0.0777877042252012
0.120462332755203
0.0295558625559312
0.0161201836591329
0.00889075604720191
0.0546061207350875
0.0296313203834552
0.170022378303276
0.036879902490375
0.210918405549629
0.0200326629193598
0.183238756565046
0.292277647362545
0.0248332497066672
0.0559893997165422
0.053699241533038
0.0443953078894946
0.00759534163086256
0.00897594699248598
0.190926031917109
0.0321887687822111
0.17141205945223
0.051919994342587
0.0212947194622402
0.0325100770243798
0.325281523760883
0.0209755664776489
0.0738483702681454
0.240623800795598
0.0994460543680115
0.183052220629458
0.0197378341497655
0.0471295632518542
0.0270558260031144
0.0274607063428209
0.135440448360523
0.00766607271315339
0.0982417775793115
0.030205201219982
0.225254455360916
0.0380312830965064
0.00621662568645066
0.0102801650714215
0.0285102101670389
0.084919232642458
