0.0568314044122207
0.178413764878686
0.179963697374906
0.326089203561187
0.0590280061236396
0.145038386857613
0.037426440605702
0.092171071230325
0.0757230895075643
0.182220635508147
0.157707410872036
0.0594081550028877
0.153034050183469
0.115271610448738
0.0843012400645054
0.238452921870059
0.090684257146982
0.0406170278883608
0.0376910996338157
0.137690347835253
0.0543067082922534
0.0427887356176354
0.136068347950011
0.168753906634399
0.188148287047001
0.102073661742207
0.0885974952781113
0.153395374581276
0.0896078203552583
0.0379155765367867
0.145311594114822
0.0800528020054499
0.199341225489826
0.0925438294485872
0.041914318865961
0.17624127826408
0.197860123263929
0.150556043054906
0.0443696756099644
0.0813326727347177
0.0618274117577679
0.0631875780677576
0.0932537393620223
0.0606446994355196
0.0661517626008866
0.0537723484412685
0.14917366519131
0.079119388203931
0.0975775251665729
0.0410083010626135
0.0493440788718576
0.0681946701482036
0.125006725103033
0.0575154318418166
0.0334871079619184
0.0506255931712844
0.052618554525171
0.0443760764614712
0.113039654871541
0.103130405335727
0.0705448980914784
0.147625064175123
0.086557473426976
0.122110111357716
0.0817283534329243
0.134739690636512
0.0910123073316973
0.0785553652162483
0.0510169950715116
0.233019154542629
0.0786348075125997
0.160471035573934
0.193637529868345
0.102583285600464
0.0952060627771459
0.0751057662125795
0.0863309262478704
0.13398384021106
0.105414995796243
0.0569422009956889
0.0448127530944784
0.0734474889411507
0.150197033243606
0.185446585539591
0.0912489520700831
0.0630145995222101
0.0932596529993949
0.246078838545812
0.196094445928214
0.0758190412899293
0.0592872492628957
0.0763962741688297
0.0866201073453236
0.157910672443068
0.104806019290724
0.128610592198889
0.0706933378052066
0.155123022996652
0.0735982203643373
0.148528387846077
0.0512072163245803
0.102406963675724
0.0854717875910038
0.0293199434698283
0.146383352861056
0.0459793903524096
0.130633739825917
0.0976271021889401
0.0434737753660958
0.0733771127447855
0.223379837256083
0.114259995734304
0.110790730741579
0.078915886263453
0.156060786064275
0.129509329952839
0.0903587679931252
0.0735749857154844
0.173800535241394
0.119328820285905
0.167148349419955
0.17800763053836
0.0844853780760675
0.144116315869539
0.179569093289985
0.155106354814568
0.112541771870986
0.0724965672553125
0.189831606373213
0.116260600791582
0.0503748398640482
0.0565489828893167
0.0999445293704724
0.0919535587887641
0.0983715387344919
0.0565891039879064
0.106467949048186
0.0702591236157782
0.0479069863988093
0.133955917584671
0.134082371677465
0.153043215699829
0.168935356568199
0.0336435770024236
0.0863152757824081
0.0578649571386124
0.112673741172558
0.145651117047116
0.167373391956668
0.0451970113540648
0.0919922773476687
0.0483718785003095
0.0751988696725851
0.117583707606621
0.0601148042482852
0.0388748897812258
0.152627308825326
0.146699153716571
0.105174459888473
0.0492718947416689
0.135835314045203
0.0993838333399904
0.0759396629046884
0.0478492692630698
0.196537729441945
0.103662798600181
0.154621428134984
0.122991407332229
0.162427304245008
0.125864643746475
0.186834035218826
0.045076292508582
0.051062087883778
0.172663955912157
0.154716848647166
0.162964040300879
0.0875229942102905
0.0825078714074202
0.0774096730129784
0.137946217242162
0.114172299990409
0.0278346407046376
0.149500538542367
0.128877497018802
0.0971177436477238
0.0414513982842178
0.213994096755159
0.163556612984946
0.0715360948209956
0.0928356956151281
0.104354112181699
0.147633849720882
0.136077324313859
0.0432827908166603
0.0983190393817076
0.122362798860374
0.0585482416297366
0.144247775810703
0.095664296585959
0.0372107136419902
0.0412060653349408
0.0599442769213416
0.0329050999026923
0.0931562701651352
0.0609468100129659
0.167084762573879
0.136615608014504
0.192953846977705
0.148187143096792
0.0750517132294956
0.13169195302505
0.0438813073647413
0.239155454665753
0.0613026914374499
0.0384354403839429
0.112159534802654
0.111417368700078
0.120846064562516
0.152756088867913
0.191180075435839
0.0907604340785552
0.118060566144068
0.0659536855088722
0.158921607491623
0.244573402880345
0.131298927996361
0.167620405607038
0.10479083028671
0.0468636046314913
0.0563500665837529
0.133008896228932
0.0373680792495825
0.134208036709669
0.203729074560155
0.0348324487820394
0.0950560636319395
0.0813790673459141
0.19739709115767
0.13836447547749
0.0909282548587561
0.0869866403120288
0.180510314967312
0.150855587417241
0.0832689166746882
0.0288412449248288
0.0835906680712012
0.0403425318889717
0.0354416215692686
0.0380075243700586
0.143066485146635
0.0664592470891061
0.0438204048951424
0.0402946145183582
0.0916445207152613
0.195516933921451
0.1350504821266
0.124160483393656
0.042214202461287
0.0936169152648409
0.0420107495740209
0.0599055220333967
0.106206194247614
0.134118927227319
0.155568695285572
0.127313630509657
0.134112712526636
0.187625127411687
0.146571586304414
0.101214016118615
0.138476120411084
0.0617207898585908
0.134678182968477
0.114010873038629
0.0861327527539697
0.161004704036731
0.131159842210461
0.06087380352523
0.164384818297083
0.208467590073766
0.162820257744095
0.094779439811624
0.0332845045545076
0.12957383436535
0.111264411996476
0.118359327329563
0.0332114305593018
0.200784327397621
0.102965264508023
0.0551131027513117
0.133287739813544
0.222751821593817
0.232851449249654
0.0352913012810079
0.0488700000678463
0.150084272119196
0.0866951587525642
0.0373558374571405
0.146701887478783
0.0864530221345761
0.232718504306111
0.175527885765822
0.073325030105762
0.1693373878896
0.146179044557377
0.0742697594456631
0.12153024594741
0.201476035065845
0.0467745440117678
0.128059890911343
0.0908267919164782
0.142709564304751
0.177683509382988
0.0702715700332484
0.182143098768642
0.207629188395321
0.112009897282534
0.0691212981149703
0.150893676562029
0.0876166917969255
0.146777262383524
0.0462884988066602
0.161326789374965
0.119256637129692
0.152807222859487
0.0756323551884941
0.0405442956888962
0.162425289921089
0.160650931187571
0.111497645085402
0.0920165371339522
0.111205241257863
0.0863522804318688
0.0580502779150781
0.0906389072268638
0.0279221945009668
0.0711136659405094
0.161670623418542
0.112016597459324
0.149769032203612
0.0738812747871731
0.058805413553088
0.112176103444983
0.0397372664635318
0.15494459867307
0.116463393928418
0.201045715810074
0.132090425094042
0.0802484271929798
0.0382665216598538
0.0704989067618419
0.177921472624054
0.034016290856188
0.0369331085786785
0.112916885501613
0.123939749636489
0.053188020215058
0.172372505984172
0.0499949496411173
0.0767743013111052
0.0856191882008639
0.0746639252310443
0.0971231956031985
0.0886801666078044
0.0526425888778818
0.0368282797873267
0.0404652900609654
0.170080234741802
0.0742895295082523
0.0718563023051487
0.0441342039527813
0.169217563009574
0.148808354769763
0.0756351609343107
0.13572955262689
0.070456731120311
0.0412048905480041
0.184236306485485
0.0664751323511439
0.116352422041351
0.188793101789788
0.152342719819664
0.127713675581708
0.0370185247506767
0.0545110379708916
0.0865733915642776
0.173543765937237
0.149190472891083
0.126808192746396
0.0904983853597062
0.17358497672263
0.145177047564381
0.211485042522218
0.0434984916405023
0.132963881815028
0.0949092872910315
0.0346682880784761
0.172300543994988
0.0458908041782753
0.177971205356008
0.175117863771441
0.0292730925830055
0.115228585045275
0.199216774492418
0.17714591092747
0.138068597142527
0.119400584837699
0.137581987534921
0.0670967878229115
0.0498605576173381
0.116696985570874
0.064438208024997
0.0877673065242294
0.099036162849717
0.118627571871444
0.0564202199306848
0.03379801043072
0.0454096662515035
0.105936216527244
0.0291534866011459
0.0532434835689213
0.15963869771476
0.094625805316105
0.0894715756674589
0.0451242080180488
0.16621479647494
0.0567726055434408
0.163176126014499
0.107349551510978
0.204137555049749
0.0934160994513309
0.111037608769304
0.100352409191691
0.0471332800228518
0.0890997830997219
0.165996607233183
0.0555683464466209
0.0824921077316733
0.0453305147131343
0.0630067024944032
0.0877104899642375
0.217951837417666
0.0847666874099435
0.085270441530663
0.0645931287117131
0.0736924781844116
0.0612408398625471
0.0707828307715829
0.147616534596577
0.131048114021917
0.0647153341573938
0.122411900845657
0.0800045654567127
0.0690656140177921
0.0775191849445918
0.0665786044810736
0.154411509017825
0.177624245066593
0.0338359896591117
0.0295637416521769
0.138895131870358
0.0714096715710202
0.0271453180443406
0.0866754481708025
0.0615578093351411
0.151814712493504
0.0708112586050378
0.0699078679791047
0.153964466689864
0.139532935185915
0.122426544010777
0.0954216214263982
0.0786682116563665
0.0960735062414767
0.180477661836221
0.0968671733725598
0.151074725423824
0.157375963499733
0.116826236046625
0.0541429568815092
0.0804561022606007
0.10849258282181
0.0881040403705829
0.129858781514927
0.196807450335634
0.161995827379198
0.105389136447741
0.0664092760823837
0.125398449661081
0.0594797074804783
0.032832432019043
0.0638151198628274
0.18483756439145
0.132376428736821
0.0302785012076962
0.0498803869356772
0.0468220699841278
0.213691541890429
0.039126650170822
0.0758558921326653
0.0381256023433515
0.072252753979953
0.107040955468021
0.162460068082566
0.0786985353613202
0.20081066855157
0.0425548992568822
0.0876857343467238
0.118166670960023
0.214653045384874
0.0611240568777906
0.181770070630895
0.05493344352885
0.0465614489863631
0.0416827872489984
0.0765658642945703
0.0830559145359764
0.0297277215210579
0.144626245800092
0.0304982845413431
0.107364206030701
0.12394926970344
0.079356182779486
0.0770987929982457
0.098962913731192
0.0342893792734143
0.159788978775022
0.0956593246825765
0.0991718724489257
0.101957944825826
0.134936578734738
0.0335163817500077
0.151422179452023
0.128808745110812
0.258972496450928
0.193695286018012
0.0798933013710841
0.103299726733191
0.058861981580284
0.146457381305182
0.0638732484554796
0.0694203824629038
0.0505509832716807
0.196931918134789
0.100621295169215
0.151269930998391
0.070099377614036
0.119662525135091
0.12793480935295
0.116577535607123
0.0411699754778893
0.0368910785436966
0.13610907947878
0.253029846815433
0.113503702889446
0.0741217445240082
0.133104123676252
0.120062618928309
0.156202961864135
0.082776716920887
0.0735458618505604
0.181830820842337
0.0772836098067763
0.0634612118680369
0.0746514274047153
0.0475741104869165
0.0476022790311343
0.142897475170249
0.163821975847073
0.0579548967151256
0.0400532464483719
0.0912417568166413
0.070700716186033
0.10950924982653
0.138516302352479
0.129112322835396
0.0667660321931652
0.17280818030104
0.10297675230212
0.158447236962328
0.193697572694317
0.149491177835081
0.0753532883307084
0.0882655685384342
0.14987173643749
0.0904688252705703
0.16181907523022
0.0347435358451046
0.147392676800044
0.0894454665458634
0.0413132745714564
0.0793139253041341
0.193001976978223
0.139279339432301
0.210253047236001
0.119467840196064
0.115100088617521
0.111245323828599
0.0209533537504368
0.0494288465795655
0.149379689076142
0.13493884343212
0.0362391675030553
0.103679997752389
0.0365400063364036
0.125573640391206
0.0323646769346109
0.137042147449323
0.0684955313377349
0.0313688204150179
0.0636920134782692
0.0358423986396295
0.150299844884872
0.0417407946334359
0.0822593555216432
0.046733521139007
0.037194198151487
0.0588447648649668
0.114038593169034
0.0787562679731364
0.0931264183332794
0.188307552386387
0.182704803812076
0.0365403948819139
0.0952168110087729
0.0746516201826884
0.139136079135873
0.126075997005983
0.162862931723282
0.0995342809717583
0.0934256371883084
0.0840809299340357
0.236144873975054
0.0674247345317177
0.0793442227514692
0.0423784933291306
0.158914072074138
0.0486762178457735
0.0773947062248499
0.0956074471401265
0.121321264895505
0.0949304392123243
0.0830809887599955
0.20329771124695
0.20647995308919
0.114924398617615
0.0936867374086161
0.150737059650082
0.197719857141735
0.155415438112633
0.0720583762474996
0.235418633772899
0.0351716059025447
0.214476924241741
0.0524465536765747
0.0343647560984118
0.0509236378380801
0.15051665094201
0.0411463326489297
0.0505639184839714
0.197409499180651
0.065312830925964
0.105227880632365
0.0781613263791609
0.0443603317974154
0.0958867029137353
0.0996484499852874
0.253230935537016
0.17337427809959
0.23207168311828
0.0299168303835178
0.183925767642156
0.0607247914024034
0.135715435956059
0.035706327190121
0.186851135710301
0.0574442640966877
0.0630957170480571
0.161593054554177
0.0261272688353577
0.124036293924791
0.0285312502721554
0.0311051552844091
0.0833324219517031
0.111508196229222
0.0606194101545632
0.114987648204541
0.0493157307143395
0.0400681051455987
0.0334207088362306
0.10492315058859
0.164043005814167
0.0774108642048321
0.119550450780075
0.0503473037248619
0.100741486183231
0.224546570843139
0.0541828535292043
0.15130944538052
0.0348124357130746
0.143496778697734
0.19272115123367
0.0635442825079836
0.110492626882401
0.173489408527355
0.13311995606044
0.0849683002773572
0.0939945592428811
0.144822825733385
0.0647973106698932
0.0561068688853157
0.0242109934525976
0.0410519430762668
0.138825357608681
0.232913620924498
0.125355105712529
0.115911089488526
0.0977717207382346
0.152034543723708
0.120934340384404
0.173547914130475
0.200947591023375
0.0686224862299142
0.193969125165134
0.194825317202972
0.0332952432504718
0.159261000483973
0.0435257013344516
0.216348289592391
0.0682350537306928
0.124726832620399
0.0464959219910171
0.101978562342345
0.0644582104766229
0.156514384075184
0.111986017581314
0.0670306178370617
0.143964739740511
0.113936194793263
0.0603893156685685
0.126705772504765
0.0316263437241449
0.0621105160703314
0.146672464886451
0.0800174901847356
0.12730555466802
0.0258988823321624
0.0424644845594961
0.137152992689564
0.0721492439776455
0.138569392397862
0.0401781176659748
0.048524380947673
0.0456352117769615
0.125177909507812
0.0980203106410261
0.0433779025607875
0.0879716087916161
0.112346972972318
0.0654941195184173
0.0359810663174786
0.060297530400729
0.0484123765275981
0.071284557893243
0.115364910206487
0.140600792784359
0.096377809655892
0.122834934810897
0.146343673331225
0.145798926817036
0.0407229684971816
0.200860813491383
0.104729014629679
0.0367671377017325
0.0843207575787585
0.0826233710700876
0.0265410256809419
0.0309964692801772
0.117431065084668
0.0806819109661629
0.0877514105326624
0.156810452212171
0.138592751530891
0.233887336444744
0.19277528767546
0.17340998406258
0.0790277888127815
0.128212001109616
0.147834714495745
0.10992421381406
0.0921111101386721
0.0758030229894741
0.145102253202384
0.0824658884398703
0.0560129991750777
0.119889557630916
0.178099839376155
0.0972995621060405
0.163859312528105
0.134908126751239
0.0278267929704175
0.0790594497830038
0.167432110700071
0.0346758513809594
0.03895174266429
0.0506158510852477
0.0383524425945282
0.0951027707267192
0.0556517656464857
0.142867093955775
0.0654115812744543
0.157534865841651
0.0810236787196447
0.191800940578037
0.207308789917578
0.0715006409924041
0.231552592390098
0.0437620002456794
0.0436906037945975
0.071938224664137
0.110499153119123
0.0856053747642861
0.120330810310214
0.0951381753540056
0.0895301012539607
0.16103972203832
0.14933188843213
0.171801865715135
0.029834416440226
0.178520249517139
0.0254136667790496
0.136714805943422
0.041588850175975
0.818392363663329
0.172337542173756
0.0772187816837849
0.0896760182473453
0.100736338825405
0.104686786894237
0.0699892856943114
0.146709041545959
0.0554477467144686
0.0387627022109756
0.0761872877802838
0.038412728002978
0.0780524572239322
0.256810263168181
0.0801966913355606
0.209427700921598
0.0766220075811049
0.0520785015789747
0.134848349754155
0.0832418901311817
0.0599926266915027
0.0434939239766434
0.0666662418551699
0.122506284797156
0.0709016091074572
0.0936374174684982
0.0222240462066895
0.133251746676806
0.121131580231452
0.0578998307666868
0.127700176683824
0.112234296244131
0.090670892360654
0.0904660161417588
0.0891374345361299
0.134370936658702
0.178406002487494
0.12551574960783
0.18349438874999
0.17972339012465
0.0954194727721881
0.137603801945467
0.0776088453472881
0.153148240339183
0.100299370242245
0.0927382511968752
0.209816049747294
0.0736071232377739
0.126358233686025
0.11121609481656
0.214070794138137
0.139662299400664
0.0555198379174535
0.120243625138668
0.20395466238143
0.0681820731461077
0.107136881086998
0.0852315600974011
0.142065557434983
0.0909124955644261
0.207360219505879
0.150895534109945
0.173470455736726
0.0716356769223512
0.0906212907787135
0.179478271490663
0.169128288050631
0.128625766995694
0.0511239712012308
0.179314209272204
0.104641384792435
0.0989862465131793
0.117626981605432
0.130901008347634
0.20574053604765
0.081171577210681
0.118391164850173
0.145926831146596
0.167144189926687
0.132885232893583
0.0669835269825085
0.0971294838816392
0.128345325875222
0.144744733601083
0.0587030692838393
0.123527267560456
0.183476266384626
0.0486350495074765
0.0910036122668037
0.178457254470403
0.156103767606748
0.188176033101143
0.257799393237285
0.0231218083192117
0.169023403033139
0.0726822610732528
0.140613675201813
0.112144641295955
0.0472548263245932
0.0467676289483549
0.186814624118599
0.0318630779673551
0.104790156101853
0.210008377909437
0.0949360443496838
0.0318790538820359
0.183350355958827
0.105135742823731
0.0350065369145519
0.0577778929687274
0.0425210631271862
0.14287726924659
0.190201458775276
0.0523736476565117
0.0287893713361599
0.099989810561697
0.0621239914649913
0.166013180840033
0.134220058628231
0.123230341631114
0.213391171611454
0.117620022566178
0.150675453548399
0.151458459069833
0.184435370760354
0.252573745207176
0.0323127026890509
0.0349852059702463
0.13482145591218
0.228114923980908
0.095340892398257
0.0253088083900422
0.144615857131975
0.0458448003126398
0.0233146102365863
0.163138825095967
0.158865982318728
0.161306798351259
0.153493321858585
0.156125214605458
0.0849554833215316
0.136351978698453
0.197626371449311
0.1155385113893
0.0746221999632956
0.138576438630586
0.0780069286014849
0.199992030563329
0.0493466054114949
0.172918708327498
0.031099863245848
0.0896296618499283
0.14686757727103
0.226114284689945
0.0602006484133193
0.0646262946252291
0.0410787586913206
0.0261386241850192
0.129097429984081
0.121273193647841
0.0778494591159293
0.258541488492675
0.248907254005752
0.186150082771605
0.192617593428395
0.0553224769747872
0.0925016299172982
0.215218618772221
0.106799112346388
0.0223143006158616
0.0858308816165962
0.161683096759177
0.0660987867767434
0.170039760509055
0.0337462189582743
0.0647178409698981
0.0998690328594593
0.0826325374118361
0.0966443609750877
0.0862995649055775
0.05286914225477
0.14312669941438
0.22518416802343
0.15121341218176
0.220712409929848
0.101361821466449
0.158349443416485
0.125068978681684
0.116716475551571
0.0538533463707818
0.0426973473732933
0.0313048452649729
0.0313639413409935
0.179141472946772
0.127746826752286
0.137339088237254
0.153943318065751
0.0612612338297278
0.0300397045784627
0.227932946273098
0.0840213453988778
0.131672481915874
0.213500113090269
0.139895282215054
0.187639024898
0.161997809406682
0.125178442895462
0.0780284953000294
0.17537998318665
0.0641859742955836
0.107576179235593
0.103798362895837
0.132671474914436
0.0880246567138271
0.174512828177692
0.117738338491229
0.0421306138910835
0.111230140098078
0.170420740889502
0.0268996543831972
0.0232778099998613
0.0940666214747881
0.0898326078114483
0.0775076225000328
0.0901293972246234
0.0384742918235915
0.130482379236348
0.0380970917166238
0.0805002147083199
0.119684332410356
0.222165358839151
0.131015500408731
0.232805316536798
0.0836712666534661
0.0314603851526821
0.0556699980400836
0.0651297126623321
0.091967612576289
0.124792881948314
0.0714750668135133
0.055262002089005
0.156564395829221
0.232128299738618
0.0619307944003465
0.108855733307859
0.18757337847684
0.204357327530672
0.207766010709214
0.17587912434657
0.073020832367098
0.0421159598836567
0.155022972541741
0.0769538571439166
0.036199057948861
0.121920012542148
0.0796347364620654
0.202827613687048
0.138603580429801
0.0519561611034465
0.0693919835789218
0.0719753813293163
0.192279464209734
0.0402213534192632
0.0530987895798593
0.150915785969786
0.0869965999160355
0.222165693071085
0.0821467893017786
0.135692891739991
0.053469770159207
0.0466852276268775
0.058657417798517
0.0905071822145716
0.131318821072519
0.150827389660715
0.0800284421661738
0.0998854007905468
0.023788128494876
0.164090851105314
0.234384749793927
0.134992560249102
0.0689649672781632
0.103826026212201
0.0945230378512179
0.0581069205708196
0.0305163079820701
0.159777293553404
0.196451440622795
0.0500557778714336
0.0282001103719462
0.0527087165380776
0.0837580080976508
0.0505769357045392
0.115403105093545
0.0692764135723038
0.0473325055675362
0.124391749861386
0.0473252917022768
0.191996558306911
0.0816790186711982
0.225802338234331
0.0311085592287743
0.113063930048365
0.101252798480474
0.02281587732832
0.165519896351332
0.182067845013418
0.117059600398314
0.135268957714125
0.110417546404695
0.0747439235142879
0.0346258518620771
0.0551164789675163
0.114187428258554
0.0217686679605703
0.0606315028437624
0.083015115928977
0.0990291386673002
0.227412869177133
0.0353526859050043
0.0332047928506919
0.141689131575472
0.029783762619832
0.0826163103327095
0.128710571803393
0.192350885380319
0.0714634698100505
0.0401124888780755
0.155679684952619
0.206439552539353
0.065443646128739
0.246539554984198
0.130743618348784
0.0833538508325061
0.10255877699677
0.0319845143734882
0.0470964795055852
0.141394072837063
0.144083574568189
0.206907929099366
0.0472868695999629
0.0477758715009388
0.173402916349178
0.0683184658854303
0.108033958567593
0.123857834140401
0.124817626423876
0.127323466389652
0.174456517242913
0.0680249252508913
0.259252125856516
0.109664703698124
0.155350260361609
0.251831253776379
0.0572512839708209
0.154908638918088
0.280871961994748
0.199818768572403
0.0663533870242276
0.118140306094053
0.196626069894497
0.221300984443708
0.0407612861724314
0.106401231501419
0.129646795016587
0.0955994046507051
0.173493285097033
0.117407567607213
0.210430440797489
0.0783341302182479
0.171773151764097
0.13109764989348
0.155993721874479
0.185181876739465
0.0423142965463195
0.0820272831220259
0.0237100429016036
0.040919923053981
0.0608457999914153
0.210042023832971
0.16327920502198
0.0942809924847832
0.186616923572013
0.0841781775380223
0.0433789882059429
0.114332419853497
0.177971068447959
0.139876812177057
0.109523132124605
0.0548684490478589
0.0726557689685594
0.0358744436017173
0.0563603907889236
0.0498014448452326
0.166506749879265
0.0341209021693255
0.08696744585293
0.155234935059312
0.0923268716937646
0.23987247132497
0.0335776783765851
0.0521842952330775
0.0340994027868065
0.185084553343951
0.0705169361194733
0.0309674601446546
0.0870376177611616
0.0980661269053255
0.133638148547781
0.159724003398441
0.0423286676584608
0.0860569309834472
0.186075236941312
0.0294365231818775
0.0266462346621073
0.136346067691027
0.0752822361183729
0.209262623974975
0.0410700613098996
0.108148963084465
0.0471522596217749
0.163400494389025
0.0834100694188701
0.132410265898114
0.163270284799768
0.176428980954495
0.119579434929554
0.0609305311038605
0.167018494925061
0.14315805501027
0.128972228092568
0.185515035521355
0.242929654214823
0.101586821455629
0.0770914276190011
0.0914723721963499
0.0543313283531615
0.0266731123407569
0.0589173431946131
0.0542235838823661
0.0504585553039418
0.116660868053393
0.116400026376935
0.0894850172428083
0.211669272386476
0.123333536657219
0.0265655434779781
0.0741866189983292
0.026964563924927
0.123328340226802
0.0315560043978515
0.154511407230443
0.189439268503351
0.146211676518505
0.129666875884229
0.125889384715485
0.0261109114679096
0.105670142013256
0.0305446006095007
0.172105897134625
0.0858210785916477
0.077056509436354
0.109574607517525
0.0551654214301387
0.0976031984922603
0.0934730394618989
0.0988498016812118
0.0404504746337159
0.198381913153352
0.146025189939253
0.154823902346381
0.0425961636540537
0.0368949998767995
0.121189770741687
0.127479141899434
0.148068550696718
0.0284396663722006
0.0336304302866085
0.0809423576832306
0.0813375560496112
0.134139716086626
0.0656891382777159
0.168705616595787
0.102720610040692
0.0930075926007406
0.0563783352442231
0.0964416762338372
0.0559136282260283
0.0420849719527628
0.168647521824483
0.162530030665122
0.0608303756573673
0.142510007718638
0.0755994189580886
0.0983487418562938
0.0301430394641809
0.0902411113538672
0.0845832386519144
0.0447937547986265
0.0887003223505961
0.197684976554835
0.0396646088681118
0.0413763556956504
0.198375744944549
0.106149675649166
0.0276401565783945
0.0362002828677921
0.182567665727957
0.0931531479135753
0.192808547066945
0.115733543794564
0.174762496890135
0.0516029569363379
0.217008167164406
0.0575649753876134
0.219039628067483
0.234136896962649
0.0356593092052817
0.128935893205868
0.116426486334188
0.124354333565449
0.159692554282085
0.277199070392664
0.200866631524958
0.191167007024283
0.0624079131170455
0.128012473023226
0.258232029741382
0.13139100178064
0.127738950810843
0.09912309247378
0.133144414926475
0.0609963066516579
0.0817686984449203
0.0811204569385811
0.0776514526710262
0.160671316814445
0.0523693666068763
0.102457727188597
0.142355780048661
0.142250875701988
0.157726568375198
0.0590524791345783
0.0342082098699205
0.131691699591467
0.037118300274905
0.100131203312272
0.0716993709866749
0.198033094832009
0.165149151714832
0.0846129586010961
0.131912367813036
0.146807872577364
0.180435834798397
0.200511083982477
0.0483203215275272
0.0699377037859991
0.0816753030415805
0.179172897760039
0.0409927357729536
0.041507243935509
0.189913604789728
0.170216566659921
0.109790044973071
0.035265071270134
0.0700380640157362
0.129495797986451
0.0459988248660539
0.0249786570818059
0.166870695553352
0.132305003423599
0.11971269936841
0.10840284690693
0.0284767774476771
0.0711193234589672
0.226281770439839
0.150590629767764
0.0952020737180945
0.0572014018902183
0.138969086125391
0.193711968148169
0.0756061115415907
0.0324343235666402
0.0492838196579558
0.0480956673909682
0.120667693861389
0.163323205309011
0.0507273931989685
0.0894605329077751
0.10839867107886
0.0294639314983308
0.136244220797881
0.150912016769798
0.231203883900096
0.0359591013026413
0.165700043141832
0.147784880794279
0.0534242209318796
0.047275737986705
0.0312048343558522
0.0218272721434773
0.112207752730963
0.0526576559272526
0.12651689432411
0.0547282041188092
0.107726880775644
0.0513316704373187
0.178620099847704
0.0948539361689722
0.101194039001873
0.0388737412739523
0.218009654554847
0.127025199887886
0.206680163270833
0.0530795595962389
0.0370872474293186
0.115666432374064
0.107583434698788
0.0958362228313898
0.243337840031167
0.0430818220071023
0.166600733766843
0.183378109095412
0.167840012643773
0.122578946915129
0.099557328044753
0.12939729784241
0.0987546364882333
0.139330983098569
0.109153157483394
0.107920566292827
0.0296019012672484
0.175643706293686
0.0538964689750132
0.0722840967544576
0.0672461866524196
0.0272349950527286
0.100346262168137
0.0356832168720673
0.161303569344908
0.210744266100318
0.105800535488541
0.176249437141206
0.0674498400987069
0.202701385541265
0.102343848682343
0.0878148657089695
0.127433867069512
0.0333668527324514
0.169999622118981
0.0833498059189794
0.0740583438944995
0.0837071340854217
0.0319914857675091
0.0518798092625448
0.141012795551393
0.211338321782322
0.195226524085132
0.0726366077597183
0.197987235674905
0.12171433678258
0.167932079884867
0.0741571053409417
0.0297123175030908
0.0888386142194684
0.178832621125964
0.225643279011397
0.212245083015148
0.0646117229071863
0.0804885962884209
0.192511675400574
0.0435917875476256
0.0994949307884769
0.194029457010364
0.167444019017655
0.18878528225739
0.0668817144006821
0.0550418095461114
0.104194888987966
0.108116859501547
0.0337284883006586
0.0748742899581165
0.023958440633656
0.0470224900603638
0.0342129454522362
0.0381883529631422
0.106621736603617
0.100751620897949
0.0388182115421111
0.108897428949879
0.0266037180013283
0.195437714003822
0.164023755194823
0.0348217537626215
0.0746065660732424
0.122901009327891
0.0467206244385892
0.0501572529654716
0.082242623509433
0.0887410526671902
0.242976724997633
0.209089472220002
0.0188680918070493
0.114755165009387
0.0491336247072451
0.0312807780410982
0.0306203405741178
0.139286228137366
0.127170082316702
0.0436291297140942
0.190760943867707
0.0624257525738704
0.200072908380944
0.146617217831296
0.147472705065092
0.200710628481511
0.108640130843013
0.107138416290858
0.0421419896088645
0.0526171875767479
0.109853251060558
0.0590048432208397
0.221443180589744
0.0728852492009613
0.193871603473966
0.154143073616616
0.0781408346613191
0.240325672973181
0.0378970147947098
0.0264415782932085
0.0570056400366217
0.0354819326507785
0.174267768882818
0.166210118680808
0.137824644882571
0.136605379704883
0.165317900180773
0.144214046358962
0.0796480617601801
0.118525258427482
0.0921418853222205
0.164095901107894
0.0339461397093114
0.0769437457264178
0.0882534596183707
0.120085795433962
0.0919603167671135
0.102803770066039
0.179394681263123
0.0499890732468965
0.0951416651747257
0.146043625501916
0.233575572331367
0.0173583530649095
0.12951293495465
0.081808360603928
0.229533522776824
0.184645873537781
0.18744768744226
0.18793432820242
0.194963260339747
0.0934851824817167
0.101632569906453
0.0976257613414066
0.0646448131795669
0.121694189481019
0.0515023944594398
0.230059643262677
0.0989305694193491
0.155942851935302
0.056948346562091
0.0705220628013215
0.054514360864171
0.0575940906984678
0.0273994658903494
0.0324918007497817
0.0890730780774761
0.103279799287712
0.256054049839818
0.137252734645058
0.0268379679569144
0.0910532707696979
0.075757072231277
0.0326746454253976
0.251003602376435
0.106229669982849
0.156978473280525
0.0370606864384354
0.265618230718638
0.209981140232462
0.0537205181796109
0.117771447149626
0.0600709401259177
0.0690621913153569
0.0662427547934835
0.0499082004135272
0.0260412768593592
0.0816023523772743
0.01872107639128
0.098642107831099
0.115805067378064
0.0331012429243383
0.16452500044235
0.068436772993891
0.163717004098325
0.12651920744549
0.164345277896759
0.154881205603029
0.0420937643838231
0.0905707956904363
0.112270152876373
0.0387836876233969
0.0502221327748882
0.112240544400512
0.13933430546101
0.119437677516838
0.186336900931054
0.105985725257942
0.193438185616797
0.233162398953088
0.20409435877127
0.0271358068789952
0.0657502682805125
0.10903704020715
0.0835416652732319
0.133970451387212
0.090521825413711
0.21682393573732
0.0581781216908727
0.118794652052012
0.0637914143674768
0.270448127067974
0.134301383108382
0.183456418972738
0.0849628203859692
0.156069942261592
0.102191436299614
0.0551424809201068
0.0506069378898608
0.162339720993759
0.159937158116428
0.0758892971563072
0.0864920041461279
0.0218979517887261
0.140649661136183
0.0811119778890273
0.123837880593969
0.0659662160779413
0.0641432733452873
0.142998613150233
0.0801987788237644
0.0463987187842407
0.0546298967597408
0.0919472999827256
0.229107187308022
0.0436284861218716
0.12609134449778
0.145270954419727
0.286006290264343
0.191578764651146
0.135874979537408
0.0270985666902044
0.0779551829684624
0.0816275969068176
0.0825341739847913
0.076000716521885
0.134721074838982
0.0370776139342744
0.122260213504272
0.130321145856892
0.0346229908863719
0.246925113264152
0.0446810708817582
0.19430787442488
0.103191270201131
0.0209977284290168
0.0821959024871355
0.0324498393350247
0.121450585901931
0.0306744689910193
0.103470652559501
0.151984612934812
0.108575459728865
0.0812198653716608
0.0703352871202507
0.131698765134641
0.141009875897886
0.0880570509524815
0.243070503508724
0.190733858471867
0.0767766144196441
0.0646978191623977
0.316643818774648
0.0392734083169582
0.153639801236777
0.146352230035048
0.0878195507486171
0.118646619918503
0.123223700972105
0.0389995318619489
0.0807739407368726
0.042331444600692
0.0834042361479779
0.150347784359607
0.152103464666647
0.0407927029987555
0.167623077697334
0.139278291187583
0.213825214093084
0.0653285896116113
0.0974494757270474
0.147724958484751
0.0464050341673151
0.0618579442913549
0.0619696867079719
0.137462991284638
0.0381041592368441
0.0388427691085835
0.0927887990807996
0.141752378074141
0.0776448496452078
0.0769674610813562
0.13811251720527
0.0200616221548871
0.151187757665321
0.174400242418782
0.0182871548326449
0.0331844574948187
0.0807641794660962
0.0952496763678515
0.154126591844705
0.0308122370727219
0.199391349864878
0.238736155141139
0.121809723324251
0.0292588641642695
0.0178531321576223
0.112646109420943
0.0320121973719883
0.041049794094982
0.259947354652267
0.0280071049711005
0.129304274894594
0.087392065298948
0.113555013138557
0.0703115442661879
0.196403300177556
0.0983957774534729
0.113194852025868
0.108546817717696
0.0950646404820143
0.0382415917173549
0.0538412721889985
0.117432138657512
0.196680043838867
0.0320092966680544
0.0998139061596162
0.0879840308925302
0.0359185841105979
0.0953915809406702
0.0821455172871026
0.17111142098067
0.0955163136757854
0.0796056416138712
0.0550056273654431
0.0396724006817151
0.122609537301965
0.0526062253010727
0.0211006617178549
0.144292104732808
0.0220787157106411
0.0522910268355003
0.202199079765869
0.0958688499251965
0.148910252537175
0.0883361713022239
0.218023155284294
0.0493984802960548
0.283729236088998
0.0309867274655625
0.239794040886973
0.186568633213985
0.145040946611803
0.172881909409591
0.0905022151039444
0.133108084747632
0.145172274923855
0.0845549007928757
0.195271164805165
0.0815849854862875
0.161088639349052
0.0511944678529323
0.150787007397716
0.114594710062534
0.183100393058244
0.133052694003085
0.171101698620539
0.0248286816812156
0.0695147875603558
0.0325199052291417
0.0825227446401225
0.217743810107838
0.0325290610679641
0.0623086906158552
0.190250272928787
0.107840739618793
0.114025778609133
0.044970014307253
0.206235410924895
0.0827021462086784
0.264787616248621
0.0734683772527225
0.067056661444272
0.158248788811268
0.0369890102820324
0.047299867930503
0.0315329456016825
0.180387511380144
0.0601940688594685
0.23822157313777
0.233700768542518
0.0541284409232527
0.148052014036238
0.0675783698790667
0.050682411356162
0.0834549441417108
0.0805362672323094
0.249975555841195
0.0832175384314515
0.141950847893979
0.18979030834132
0.0328925984912573
0.0361539940711149
0.173139264279552
0.191028645200198
0.116415243168636
0.130490739314527
0.126965151453383
0.164701160575133
0.173493019005297
0.0865550767018523
0.114641695707401
0.0203306675056946
0.0777146701354107
0.0246189418910248
0.0423860104172216
0.0825525486114264
0.218142997364561
0.134430685353956
0.117065254206793
0.109424079044529
0.145289915244721
0.0627334937718021
0.182274727661349
0.179086810210989
0.0440099780168028
0.0452085578463091
0.0149612054837892
0.0729064047390487
0.268054631367044
0.0791921520299438
0.125720833744548
0.034424773472733
0.0737389508996008
0.0332451370232287
0.129040564058295
0.198677923432766
0.121696314336322
0.201175308620782
0.0837067002395116
0.133537398226131
0.154877373786718
0.0969670619699017
0.0232377921424566
0.182841472652537
0.0707082408320841
0.0427124466193264
0.129261661135913
0.122581256933698
0.163973706448204
0.0784959479747389
0.0926645634560087
0.1415604175604
0.05804841721187
0.184315083063981
0.090493662975131
0.22280313293434
0.0306666222015842
0.0219766962976477
0.045781389667982
0.271428471351755
0.0404670881931538
0.0341132891612505
0.104145295494219
0.199597116960835
0.124120048382213
0.0812870678878227
0.154425672679394
0.0224160275378305
0.064351155177366
0.190997914448786
0.191119837942902
0.121178448357231
0.215791986331049
0.0249194252671622
0.174568368449734
0.24761516167756
0.0607622952606071
0.12234947860314
0.153202675597339
0.262641438859306
0.285626656882997
0.116165438698189
0.151370225431642
0.0736298509685716
0.0661495782031314
0.0391316075900725
0.0689844647806213
0.07013629323796
0.117389131346403
0.207679675845322
0.0969369938454217
0.0936078932502459
0.105041351926338
0.153936027448869
0.182759028024142
0.0682229335434141
0.0338705539007177
0.087002795348023
0.105108835554429
0.0291625464849885
0.036825593438754
0.0655521133278091
0.0908050282780514
0.196760203339562
0.0429416735969141
0.0849215108489561
0.21618725447473
0.115655126060571
0.103693785623214
0.149542410871375
0.066926854449434
0.0552923366839895
0.160573320597261
0.107697228552071
0.0375952992504513
0.0725804638745362
0.14243850297018
0.076794940938976
0.174800906765082
0.0397590548793267
0.0204711430310776
0.108006188851737
0.0965015027173275
0.144079640424369
0.17136122899344
0.0254392756105414
0.106142313952956
0.142215251677703
0.115837468427023
0.194440024729337
0.142364042457337
0.0746125592686383
0.0699529992400012
0.126269097889069
0.139115631326046
0.228658011069133
0.179223292181537
0.022283204770143
0.132739051131626
0.0930855217080134
0.165323152039354
0.0277328798319054
0.0942298840716347
0.162374814617746
0.043636872365952
0.105704891922045
0.161332566429162
0.176987265011762
0.224142947026078
0.232069837183701
0.184111777145824
0.0776143829003519
0.211268573053735
0.111983348055239
0.240397200784328
0.333658761036677
0.0488154210210995
0.0352738488301356
0.18550690471859
0.0796150491061249
0.217501632137837
0.101086165863619
0.052032516704919
0.0778300269882174
0.117909228378849
0.124981304498323
0.15091100540259
0.113812211679994
0.127010321429973
0.0714956778414861
0.0721505008240081
0.0943541251520908
0.233280206470685
0.145820629245873
0.119933037440155
0.169960217705952
0.220396631546911
0.0217995266653661
0.0500393853044044
0.0401361134708389
0.0999902946311048
0.0770337093783914
0.0579245619708251
0.190543759420595
0.0807037919577262
0.04821565745008
0.112588887952258
0.113230866317338
0.0397238978152046
0.0622656199817669
0.0216106164956282
0.0418666708882451
0.19252030625678
0.0961769528429194
0.0344493003520141
0.202980873611383
0.0961207308031925
0.08600817745416
0.103303774893398
0.0659717867578653
0.0399944602111839
0.0260368939351391
0.0347825905920827
0.176093647989518
0.142672437913687
0.130155835370216
0.0973927055672167
0.148639817178131
0.1837418232821
0.055402649587389
0.0613800144706816
0.0400374621917226
0.175962174110344
0.163704167003086
0.0325945190850722
0.0747745203966475
0.242274370781176
0.143019828007823
0.169754562980403
0.0554157709562175
0.0988080766708497
0.0824925246650504
0.192629981885615
0.0800305152847419
0.0326235464284256
0.086854718461411
0.191879093540158
0.0585980139498805
0.232277218757614
0.192435075859603
0.081382629152115
0.113919986438373
0.0853577949262082
0.0562747816714859
0.102595252110573
0.0346274225402779
0.0948095142028074
0.086813055309793
0.162899690917691
0.102287485852859
0.251989542466763
0.177479518450673
0.0488904470056426
0.229700500291486
0.163806161856465
0.081643550028346
0.071952314843317
0.0682867529917334
0.0950350382572835
0.0918212028593644
0.0668404712862473
0.0453695536239907
0.254663669927131
0.0711622419266459
0.122481550527209
0.0725937669609372
0.092414268741354
0.0710036497088031
0.110137751299231
0.107042606392974
0.0884826314185052
0.161337184701323
0.216855420599406
0.0743972802971598
0.0738296586594499
0.079543420673749
0.176571429785782
0.127437774253124
0.0320774607890644
0.0581775454191968
0.0276448656073945
0.0174061520360559
0.0953000423323739
0.248390301965897
0.152720840398468
0.0657657332463064
0.110305216806658
0.0466349348612082
0.11542532690305
0.0250435730655576
0.0438679267388875
0.186805833718189
0.0362976236675912
0.0888413852548142
0.0710749713651581
0.263846627797674
0.0725757031797141
0.168152265050319
0.0786349547979483
0.148100288101425
0.112759522888191
0.199449191329415
0.0975027980302016
0.0360903466378309
0.0182084746585263
0.116653474107194
0.212146452665119
0.0981359347887113
0.170704054755845
0.0932856025401043
0.128918469123857
0.256773648821002
0.152741963580377
0.108867568515365
0.0975626225324282
0.212930411412659
0.154213191119223
0.1883429120351
0.0458157522781287
0.019024037954635
0.123128507792811
0.0472614681097467
0.0240510262345798
0.136020963710967
0.0719970759268714
0.235497148192809
0.287049831919868
0.117013728652001
0.155592773560065
0.0230857854439991
0.0801667374740487
0.147515076043121
0.0242170059557753
0.129261683925689
0.142152214867207
0.0588663048012736
0.0497456924194504
0.107443082774622
0.0439007435995304
0.11384116986835
0.231195474719222
0.124178973732866
0.114148692457829
0.033923229855686
0.117125805632462
0.177074296962639
0.143392807326817
0.0452504366072404
0.0397218536857261
0.162735701315738
0.0697076011747908
0.16424138945358
0.0329064259455522
0.0263850139368547
0.143454874689895
0.172512641678217
0.0488632377253224
0.0631936614916961
0.0773022030976135
0.137082583011899
0.0378678734341021
0.0869385414139443
0.134783722740167
0.0904113967814176
0.065745301203809
0.105362559083329
0.242763614799087
0.0400898045296568
0.123326171505083
0.203398962573236
0.197719065448898
0.0678501232950871
0.105951782922168
0.253599151947654
0.0634198772126329
0.189134953137849
0.102398051022997
0.107407551082916
0.0757798834532661
0.060004638193561
0.152436929753171
0.112556954561378
0.0390542470895367
0.0840186319893752
0.0555098234453758
0.0491296131503642
0.0623608244522105
0.128286374736735
0.0531501380266696
0.191198593678221
0.209449112682252
0.0452869679220728
0.0509183443340472
0.116596348366038
0.0526779079071156
0.188206760575429
0.130037227951178
0.186385450097618
0.0583070005373548
0.0554360211587914
0.292290950181767
0.0179417906740604
0.111594109491246
0.0274615228475237
0.0813474285988413
0.104638576996045
0.0506824578878369
0.0260906865074821
0.0456636263779339
0.0483487276058342
0.066104369113388
0.214716509483002
0.0725194855614075
0.0595299107283312
0.0397502360991541
0.0500114837458784
0.111584985661463
0.0782916951740201
0.161334133291285
0.231805920756195
0.0505227796614424
0.0969137966570514
0.0476206056508922
0.0202841600093393
0.0304669687077719
0.133108837144349
0.0648716268335707
0.108055808024671
0.0513086345051498
0.0538565184075892
0.145668485298709
0.0556452841556139
0.0388086875289695
0.148627611907196
0.028942771473254
0.128984744388275
0.238660345006577
0.258777470456035
0.101431856519442
0.165120979582715
0.17012541091511
0.230877882441383
0.142230713585529
0.199556805547134
0.12842834971544
0.0910889855499754
0.186407423332989
0.171590905875842
0.182358770654494
0.0719605412146505
0.1671679395217
0.0239268804661796
0.146819023322147
0.215161526682753
0.262768799829219
0.223932958786371
0.154019718238617
0.159812191586364
0.0915875199982629
0.0612911923471176
0.0987105179451537
0.0990202249233743
0.213499515115269
0.257501162446996
0.132946406009363
0.0640829090933451
0.0195307693243418
0.126855088504124
0.151728238466574
0.0466095998057125
0.0558099820541076
0.21175354998632
0.116159068522266
0.0667998698564882
0.130547293576405
0.09408114010736
0.0332343319576367
0.0823113280866322
0.194461593397081
0.0679448888386714
0.155775865697595
0.115761134385232
0.169267980899959
0.245457608225797
0.0637458173067042
0.181892171729808
0.135987957592674
0.0824645979247661
0.0827086110941193
0.0492507395564583
0.100460300751504
0.275499661973899
0.125264278868097
0.0182240536772351
0.193153650131132
0.0200912984529539
0.0525382107761738
0.117106549176673
0.182699094533134
0.0928051736173744
0.0902450780970501
0.124557395334997
0.0439362601544972
0.131979473157106
0.108775616397774
0.189769845141189
0.0832280687588192
0.203946674860688
0.0312939162122961
0.102110889991179
0.110377534198057
0.138019784613976
0.0308159979308292
0.154788916622648
0.126609842945688
0.0459844221256842
0.147224279985482
0.119623276077552
0.0881379495827646
0.102785764120378
0.0950394974807193
0.181981279859347
0.0412175098584525
0.167172319850777
0.0161894943168922
0.0189763965506496
0.0334744892216471
0.0577298186591585
0.270063983663622
0.0966620071978781
0.0412758832287839
0.124470628487955
0.0500926167219967
0.170877038531863
0.02515597171501
0.121597498408999
0.182678991891432
0.04881027554531
0.0210060753287462
0.295919612045327
0.0513425925227117
0.107200497600551
0.0257576018076852
0.261540893115812
0.130287973752672
0.212066880320276
0.0346115773329445
0.0511178891581873
0.0349954237158553
0.348664491872043
0.101793072165982
0.125189180728574
0.0677053929586966
0.0830460043737212
0.087094284918441
0.0676464543907441
0.187775071601875
0.0390050653311045
0.0587277056178603
0.0773259422840109
0.068148865076693
0.0533993187299913
0.0433467758845794
0.109952679859631
0.0709189689082607
0.0335520515525147
0.232037668934725
0.224511798135575
0.0330409703455906
0.132222729272071
0.167664245572108
0.0432863640005154
0.0802327645338624
0.130073426227108
0.0368063069970979
0.0753978736881338
0.0897573555790252
0.0338613631560512
0.332773633745843
0.0146695094937256
0.0881450545639691
0.139379502199893
0.168392495227749
0.050826790753897
0.0553202178758678
0.117847737900221
0.0507239039447866
0.0453765683817315
0.145251913047427
0.121195840050318
0.100874518523067
0.118753188688761
0.0209293782855304
0.191214451388013
0.0613281279821861
0.0506846123192831
0.109483608235889
0.0921185718490427
0.178546504958803
0.0192225980152057
0.0903950784848202
0.0766530202510225
0.170499533023841
0.0421608303386111
0.158207613897072
0.296243923390112
0.111280579075966
0.098881106482604
0.0789683316993764
0.150507931858908
0.0264300478817552
0.128162811463014
0.192850731099529
0.0383353801020478
0.137214964243549
0.273428031303921
0.126256745464379
0.083732337830489
0.0639571649559242
0.283598831579007
0.124583623782424
0.086438311595677
0.315219650546078
0.0699917491959551
0.0184968897658526
0.10624829458886
0.124584154121533
0.0779462994853583
0.0495674719917344
0.0918947593646445
0.104639824507379
0.0607262211127226
0.0567990068075311
0.0680819745406778
0.118124302786203
0.139265149519649
0.211722826514812
0.247633958080057
0.11346265250251
0.130049363238345
0.0575769705241684
0.0548789127565662
0.0793272076596716
0.0323779555934944
0.165205590284634
0.159007310011894
0.0236594765687818
0.139647324476962
0.196227801090291
0.110592917977823
0.0760343618749573
0.102354469386624
0.125993659631885
0.0360802339527613
0.193693591551845
0.0542693055927253
0.108567583719886
0.198800557669864
0.0378952304808518
0.121631911618431
0.0475258165963012
0.0868051939330857
0.0806803251525871
0.0461544534505557
0.07889995524745
0.0942685483791006
0.10237539729551
0.0805447589317705
0.145083025784852
0.0410780349603969
0.126889106220556
0.243681679088184
0.0677237937053931
0.190971061173102
0.0772124048039516
0.0382233582459884
0.191172915514398
0.0304607381424314
0.152120676042259
0.0707499565383636
0.0580274229129308
0.0379296454406962
0.113539960164808
0.0445924363018478
0.0988125889279362
0.0435465707353147
0.0756907200807699
0.12832570601195
0.0208250466823769
0.0467690641857506
0.115706630775212
0.21131020387118
0.073531613062339
0.117547196271946
0.260538055539615
0.0274379825356698
0.111781604280933
0.0264808700695193
0.118335470624089
0.100292108209669
0.110081765435748
0.0741391094114167
0.0375490093745078
0.25562377576262
0.0348256091788373
0.194323525216615
0.0768599685019773
0.0562785238461778
0.12199446395365
0.194992149186508
0.0534809223544437
0.0741035435485171
0.0862966299528089
0.0974301534294353
0.0473564547476398
0.0270722144601806
0.148935904412259
0.17859520792804
0.172820785510492
0.154690899412983
0.249025401792464
0.106904736613835
0.0238674026017366
0.121751458210829
0.0516012219510644
0.0621801104794964
0.0914156733903853
0.0442480458720438
0.108849902814861
0.186588485322235
0.0734341851339188
0.0729131450929763
0.129314759166028
0.0299421077276527
0.0339572546429894
0.0857374116449075
0.0356970453801598
0.133077119322898
0.0874303845350534
0.158232439173552
0.0710577968015176
0.0823490199258197
0.0220734357425259
0.117559507041277
0.0309267218040735
0.108559661167552
0.161303576669821
0.165010092963071
0.169875400512511
0.0618920512661168
0.0411359347739659
0.081261934892882
0.0498864996284707
0.151167309451787
0.0335841402599144
0.0631947360285384
0.0279203852141527
0.0504512985716544
0.236070107941997
0.0576430683756395
0.109391571685911
0.0702249119248761
0.185758302943507
0.10932100813925
0.116111879586912
0.0591955211259066
0.063572736309764
0.102718995203152
0.158830561144634
0.0483635002328675
0.109219434926151
0.0369361542639934
0.131628116525637
0.141086528558261
0.0829248108414618
0.10610989350171
0.0788886206564919
0.261024521044877
0.0480343545643148
0.360766587964748
0.0170550611779381
0.032262569258366
0.0664850939946318
0.0802032331835427
0.152600986611516
0.0231238836929154
0.117572537162892
0.150030605473159
0.0486222732701676
0.104427529211605
0.0475403369028904
0.198846770528121
0.145929566483455
0.0701508987871716
0.0490415659290925
0.0649464392830625
0.212032816411072
0.0299875322994172
0.156082631000981
0.12817229988835
0.164270950712519
0.123564311260909
0.072013670352984
0.0780783277124388
0.20055577114432
0.149074189012735
0.0785618591670891
0.154068477787273
0.0972139281586334
0.178123886478515
0.175622293262313
0.160211734571126
0.192534744016543
0.0806273510236716
0.11074478289807
0.233221195907197
0.153876477238827
0.285806807737002
0.195256453481574
0.0937566126401498
0.10175474911714
0.297403996703942
0.03079903366065
0.0403025750745588
0.0240605121153725
0.113983892455224
0.0400646633773416
0.0295379898196455
0.105518397312639
0.0291224794749572
0.0735918889128193
0.212681748675721
0.0466380495521651
0.0705955580932581
0.0401847499422564
0.147525507731106
0.154405142273982
0.102551109625741
0.0493009702274305
0.102026661896227
0.130004662672844
0.178964977323075
0.150385902099782
0.118852308801802
0.0391958670252498
0.0201432188309642
0.0845820160011736
0.0206040524813379
0.186414780628995
0.0461867334005946
0.173209100260236
0.16626646053389
0.113837819604514
0.254803476330839
0.0797210969078537
0.170449869823554
0.24131795879841
0.0312359412698076
0.0741197102214301
0.0376220420647578
0.130799076250622
0.159937579045911
0.0806216673821694
0.115633323894846
0.027727488967227
0.0309233483297759
0.125986194674174
0.20082936590764
0.0926927738458111
0.267369377494426
0.0473204844888576
0.0749260598079776
0.212216855026442
0.0797617957150081
0.173539589415771
0.173619759205371
0.165458877154336
0.167150753955238
0.0327109144851464
0.0820951013453228
0.178539350391545
0.0350442146184674
0.0916921843536138
0.14139619029311
0.0157443248936975
0.0286186752904684
0.180404174195007
0.081014135634387
0.257810944491995
0.061067446574538
0.0358793227593885
0.0739652824736316
0.152587710976881
0.143851669829226
0.0287018903787828
0.111418481588543
0.0498629026936112
0.0440350329051745
0.0475883495127641
0.107513465543506
0.179512590423839
0.0933204957706897
0.0259696402997066
0.0725123750591701
0.120045944692604
0.0289518294888762
0.203162728272389
0.0225087734193665
0.0444196862018307
0.320768872207697
0.058498187978064
0.205995247258633
0.118746124987112
0.0402075870915097
0.107921549134399
0.160521438255757
0.332340414807506
0.101961317346577
0.183384939134987
0.031751820705958
0.235910236996512
0.262889726418398
0.0912758279729396
0.0280695054196823
0.107627669492893
0.171687317077978
0.0901208010707388
0.198989858728437
0.0561519992575921
0.16383023245864
0.0941720656875313
0.144913526847646
0.0256186765104959
0.107565644873164
0.0248411399209756
0.12963834337347
0.103372951069022
0.0419755722644493
0.100163773359214
0.116126003898047
0.0641948464316423
0.101926115043924
0.056643161218367
0.193538284763986
0.0748543942628148
0.185949868587523
0.0439803086690922
0.0170398619477459
0.0989638832938105
0.191731655863283
0.0865290891134177
0.121327170407425
0.130634773415437
0.174714579202414
0.166969711746781
0.0171227137418454
0.126510898434491
0.0287505285942582
0.0119154155384043
0.18354855282941
0.0142930951876333
0.252141805099892
0.232314949264464
0.04596200151703
0.0595667641171193
0.135352397509148
0.11914441007939
0.224406308205578
0.150842771735889
0.0815340955295992
0.0689216233744927
0.0782656581346201
0.105890149911841
0.233863735955076
0.218243497426883
0.144231772484368
0.0827211624753357
0.0451689222976622
0.148806480556521
0.243844474382001
0.234579277940582
0.0502804365806282
0.0681752512145351
0.0976600585457879
0.0778483240690232
0.248698875774336
0.134406338080443
0.133414593934856
0.0171177299947148
0.143489284440839
0.14893023695672
0.018936865688922
0.0557683218796037
0.26258059283587
0.080338812649641
0.137379731272932
0.0862404940522171
0.156576566881792
0.0379766172161195
0.0555986524026304
0.261610652254802
0.0344794793535311
0.0201019644261275
0.0968153556502711
0.0904869612809858
0.0845544230278506
0.165547923804117
0.0265740103912808
0.151202966551762
0.0395238117168451
0.275034176481984
0.213335547851581
0.0455730241816227
0.195353251320222
0.251973491049658
0.0178009344121859
0.0564452099444888
0.02800277855581
0.0720882157012936
0.103283190992191
0.200345163929194
0.10153715121485
0.125688013824644
0.0539593617480084
0.307424439324732
0.0299355952640702
0.274593281480143
0.0343045551530689
0.0887086353190228
0.160045773632028
0.306996288557866
0.0816264943538563
0.118678080853742
0.0529619987420218
0.0402722453924711
0.1338468809472
0.147770684167025
0.108384280149154
0.0191396505092643
0.0165687766203494
0.203492356091263
0.0389922691361673
0.112150953615174
0.21682067222596
0.139857820050893
0.054294417418757
0.105716788346697
0.122343458481991
0.111125255659507
0.0872600612847424
0.138371875439113
0.0965824437571375
0.0340779005177949
0.172760530930192
0.0739393055021223
0.102967574800433
0.0323685318238882
0.217526257525863
0.277762376695614
0.106423107679792
0.149284468445335
0.0996579332479175
0.0688703592566523
0.0798889543714747
0.109495946018864
0.0664199207787582
0.0951611571603164
0.0361264771859036
0.13478128631277
0.11207455903832
0.234405918935297
0.221676175516043
0.0209281683000251
0.0985011845388232
0.214959213704519
0.0512319549084082
0.0984149055241945
0.0631172240120993
0.114960507457915
0.0647513913319565
0.145899714527739
0.0896942015838397
0.0198682408659296
0.207937051159009
0.0359294824687821
0.0657019134843793
0.316194121412914
0.133218433217366
0.116002358503557
0.242832818295561
0.166683857191754
0.121986947231505
0.017896770128774
0.0780021057471457
0.0261880731102626
0.0541879668027801
0.0819062178498336
0.214745834963565
0.0715457605157312
0.113010345737902
0.17434390743761
0.0406645552133153
0.187356579435887
0.0794728362162531
0.389549190433106
0.243560451503231
0.159121439126467
0.192455229159981
0.161156291540795
0.317181192873824
0.164377837603102
0.0386135166060677
0.0318111093123305
0.107315781871497
0.12978695344877
0.0513052716866566
0.154029378703784
0.0974859981281544
0.0202318366721753
0.223961121873674
0.13860718386672
0.0200133961348016
0.208892620081235
0.12665948224858
0.12261221804469
0.185531850471953
0.150767283086501
0.0260829105697162
0.0351125518095416
0.074616429918225
0.0988879707424471
0.122684323904541
0.194419144767808
0.0512551308865806
0.0379166791549323
0.0635213506162477
0.0202311650856786
0.0859784222181513
0.142509428561055
0.119795984196587
0.0444804025012831
0.186969203125367
0.180911681407722
0.112205257132488
0.0764546569538178
0.18940051390277
0.0246147127323389
0.105991430239959
0.0524587600046221
0.072249284652386
0.137836111605552
0.0209229638056469
0.0456301326650434
0.267001599471944
0.074069863428728
0.209614547820081
0.387506469855653
0.0649421262920903
0.187922631152221
0.069229254849838
0.0340467072011863
0.163983052540287
0.0405445557856961
0.0384180804224199
0.0846869496761585
0.0504277630611995
0.118427457559813
0.060013634538111
0.31129743797419
0.150960234592387
0.0212105003864585
0.124678656596088
0.0687021040146878
0.0892880767044331
0.151869071165573
0.0256624879967915
0.16316501129825
0.0208610489223823
0.200067777483303
0.0188996543760694
0.0678487642786925
0.078941890693363
0.0499217678026378
0.0525220432555493
0.221353474958302
0.312975723109542
0.0500334831074121
0.17188473324614
0.0581066869072241
0.0842816592115049
0.130919495307941
0.150996769665385
0.216508160166684
0.201389463041326
0.232364597975179
0.123903766460135
0.0334394640882631
0.469883156943034
0.175600455325408
0.0773290411104657
0.066384106431983
0.0814013905116473
0.183413508684059
0.188641447739929
0.0195507171535102
0.0758072387146702
0.180291270731239
0.171702473750574
0.173151961693365
0.151657159793265
0.224165954938467
0.289197395028364
0.12742783169976
0.0444336314044262
0.0594283239939329
0.113385424703893
0.104499314765281
0.0390415960336003
0.0717337137417456
0.0226155801721233
0.146899701475653
0.219172361933658
0.447647666429482
0.0126417551952273
0.0896864523186967
0.150084946993589
0.0889146173813184
0.0145821625006441
0.210739730290684
0.168401138932183
0.193352892028002
0.0959046914488733
0.324339745023713
0.0737081543724739
0.0263782085289881
0.0889605677905552
0.0697328948234915
0.249537463342531
0.0287683238389808
0.0200325729414649
0.0762610580324466
0.0689523626067206
0.390996796851417
0.147472887361541
0.123179025385725
0.0533792846463997
0.157269706589965
0.0226570905607533
0.134567142245434
0.0258403904673823
0.120359633788272
0.268928415306813
0.0650440064742403
0.208485359180751
0.0715968056774339
0.0314316212024483
0.0741766233605282
0.0313417865473629
0.0199877897150682
0.222948791174226
0.0345045491801869
0.077333256950057
0.194487263556178
0.0374240099843937
0.0567552198544159
0.183230770461401
0.203364524915749
0.0151806187519486
0.104458156877775
0.320211514366189
0.0535546927886899
0.0232450748688563
0.144990206995818
0.0573375032512973
0.0141705305626215
0.0841341635617721
0.0379229345914363
0.058398958681172
0.0981493984026599
0.0260924260478907
0.120310241813644
0.0836449097315957
0.0249965936426776
0.104300716776821
0.075063652061635
0.0246745418549302
0.0537987790339543
0.394171458503565
0.0343146921933987
0.149553421242247
0.0609343895772323
0.218623958200565
0.120235976904188
0.0856745665958524
0.0826623633099568
0.208353593207497
0.0404054274552728
0.0813550507563623
0.0213216498024491
0.122897858664773
0.0912472893033813
0.0774559535210042
0.148973332106915
0.0763405655953384
0.02707611855006
0.0457669242997063
0.182691236344795
0.0274740863081352
0.0484193096355015
0.0406222324643348
0.149669225900779
0.102284292888781
0.147387878430539
0.0797450211081686
0.187038022926338
0.0369144410714445
0.021612835206408
0.040841561531349
0.0490654095854035
0.136099074147681
0.0462381118489314
0.0189437763789689
0.132019957327303
0.187691810359002
0.199343701120119
0.309815651636281
0.166577535709125
0.11714159666316
0.11166148073357
0.212701087267369
0.0499555831067239
0.196201660882406
0.0558192351509869
0.0506812463866785
0.257818507995949
0.105971736774118
0.0755809465170334
0.0825174235834143
0.0662360392705395
0.290549332414997
0.0379135358306584
0.123529012296547
0.0963350619078736
0.0290125863208741
0.116196587719336
0.091952153351628
0.144600034187655
0.0156351290790981
0.0198996313475882
0.122128495946834
0.116358070952542
0.0993605446496211
0.101932101523234
0.0582353278501315
0.0672419719984466
0.0643328783421193
0.207718121961499
0.0136842333826468
0.120999503325481
0.0967651463445775
0.248853700866951
0.360648319515185
0.110723950133317
0.113555100422829
0.107286030590861
0.0898065845163218
0.0785451757650807
0.266854647590393
0.0461321757828081
0.0796698319192814
0.168172557539037
0.0701425967969184
0.323973331288831
0.0720433885732692
0.0942291388246356
0.0473039354108784
0.270967525143942
0.136444239334799
0.180086390014515
0.194103524502012
0.0835344312795831
0.122903419920993
0.227781814395503
0.181375293765263
0.252595691557563
0.0287886492420309
0.0170504378456235
0.168853480040136
0.018615101894417
0.0914186297907342
0.131943405736666
0.101258147994072
0.206225094518739
0.0803590021102073
0.213478002469477
0.102471763379588
0.215056808252891
0.183489836514844
0.134812367167044
0.104694347952896
0.0306257088528429
0.100313990387565
0.226224118153984
0.0957639896445123
0.132934588914236
0.15624258315706
0.0343766802037788
0.0403490488923677
0.0485406360108514
0.0815145551734082
0.110137327948108
0.044561727577181
0.111475986876745
0.185526785429924
0.0955228228311559
0.0908412876529108
0.174279855329844
0.101251968506654
0.250758310807155
0.0804044601096501
0.168373945310033
0.249591011676923
0.0874395725468659
0.105561885489727
0.220846008477642
0.0138967968376627
0.172057653704133
0.188961993860879
0.16468814638882
0.299990761712167
0.0990438402464741
0.0174797141299679
0.134616375760139
0.126447180015355
0.0957478872214625
0.0822504865086341
0.029531344936875
0.0168707807012986
0.192340252660202
0.0888258706566677
0.0483146542665029
0.0544037833770001
0.112918583254438
0.125550364820231
0.14836119526314
0.174942062842503
0.235025710223438
0.137803528556589
0.101447330518741
0.0550058443231979
0.199251170962821
0.0492886716541333
0.197622039749803
0.435659977549598
0.103845029217118
0.190404382541663
0.096688163971381
0.147831791989871
0.217729829257901
0.0815665648452473
0.104179387549104
0.061738798000881
0.211537234414193
0.147397762840532
0.20629448640533
0.0607576283933247
0.227019427256326
0.0864800899114513
0.0109510667483756
0.214184352315242
0.124626774914849
0.0658538413177174
0.0780319374129413
0.0810765074807113
0.160974150496023
0.0287354127899112
0.0782601344206066
0.189133853551301
0.127604575798329
0.0944238173703742
0.254665780222716
0.178447602779469
0.0161651109188155
0.0720689277459536
0.0248668860078281
0.0853628312997314
0.0813973979015408
0.125002183969582
0.0262536573050978
0.0543954662206243
0.141868576992159
0.106552373721251
0.0733485233460799
0.00837841895829092
0.0690262127265938
0.138055626678151
0.0228917806495195
0.243622371134716
0.0665882545711024
0.149804364975159
0.0400226458302332
0.169351869910997
0.161054868878996
0.0988219581951482
0.109037413543208
0.0184116122462344
0.0288358218389067
0.0821104069379718
0.292795749759604
0.0949567128875714
0.0263111696893173
0.21453564733274
0.276577657988263
0.0543436797484592
0.0200448100447423
0.189615804483625
0.0931329578445983
0.00952378599153985
0.122843820145747
0.0575177986681778
0.0727798560160865
0.134308969336837
0.112829257131293
0.0262388917244367
0.0657442624461357
0.241991472244139
0.15635326413192
0.0779458507535724
0.254572859681743
0.0217391224726864
0.0699526336343285
0.0965810596591264
0.0775678014836375
0.109135957619326
0.0498128147554933
0.357670521784168
0.161840297677468
0.103851681809168
0.218955842566589
0.172507835480997
0.0949494447821096
0.177529312200407
0.376483311704248
0.35198374364595
0.0944321511687214
0.0614185698114541
0.0233383606405416
0.0650332416655766
0.0142014019505659
0.137379421594941
0.0894334122182186
0.10520365325624
0.0213089397795128
0.243896986416451
0.0502290536253466
0.0870644618873256
0.117356199898579
0.0284263212484895
0.0636488910301384
0.0154360775432995
0.0971576111285646
0.107058154438526
0.149370646845552
0.10772882941793
0.167788827859685
0.262386335947482
0.115179264638781
0.0171287420445857
0.062352913543369
0.322575281009482
0.0387144124090075
0.0373333096395356
0.0252003110285763
0.255066085783701
0.0912190515491662
0.100519909104892
0.0475438590429534
0.389095208701128
0.0316466741486245
0.114767167468949
0.0384400008634922
0.089777007366938
0.0667260147005199
0.0516389914163517
0.0405085922505893
0.154266532750109
0.0292756416667116
0.173173407687315
0.246691456882938
0.0963114720995642
0.0353789409273226
0.251603488037348
0.166536345688631
0.290061402345625
0.255705021437813
0.196413809956362
0.0310583090582274
0.0820365897749901
0.144487738588211
0.0843468961656098
0.0656592054457505
0.0276919340070869
0.0584527710566811
0.104588479819708
0.130037019898059
0.0376454075110703
0.174182022403937
0.358101038379875
0.0595246164215287
0.232689098646228
0.0690120922961878
0.143404046031222
0.139880659189546
0.146458874826838
0.0293834365882263
0.024741141791924
0.102261688284651
0.0895207834153219
0.0598036200964027
0.206878490879824
0.182181294276678
0.0190535696403693
0.0413366004637687
0.0457250601042837
0.0307983872235994
0.24189755333907
0.161836885612352
0.0216130386921461
0.102791041864033
0.186154439919792
0.0453332426025295
0.140490485777479
0.122792370456345
0.0674382183827351
0.19778797465571
0.0473969939895381
0.107302361006752
0.0193167634073229
0.240309895409193
0.0199250599689608
0.0572495074025535
0.12849606398609
0.0867266508816026
0.0385247202206914
0.151769605126308
0.125211968478673
0.163803530764904
0.0691701212314463
0.0820776103908642
0.119785513584835
0.0757987623229865
0.386864354696244
0.0841182080543567
0.0152245566565849
0.0191430985466637
0.185011170737991
0.184478779777976
0.0887061301782733
0.0666345497702168
0.181522976029128
0.169118260788069
0.0806962981940806
0.110888480843315
0.101808047132097
0.166824903500153
0.0379140703684455
0.0517686059415866
0.0732735856560263
0.221912390656398
0.0269998279981805
0.102323546117276
0.215005031035501
0.196517648950068
0.0262795887952399
0.231719499046844
0.157395300728032
0.242083837647601
0.0378737276508275
0.310599862514793
0.124301932771425
0.0752211749541313
0.249464513062021
0.072819491754617
0.0314799329204083
0.176052059428426
0.0461204972410683
0.135946991055918
0.118080610981396
0.180161661921239
0.0525229640627148
0.0957578771520764
0.11873281588635
0.0571065271455706
0.220841905058142
0.0483879503264197
0.17730742264703
0.119162980853349
0.0154566532006445
0.129637192274119
0.105814588603518
0.122676152064726
0.0752861270061767
0.100532267282099
0.021222036404016
0.0243065041816278
0.189523971241051
0.0952342808919979
0.0379688809115334
0.0481598572861488
0.0393871802198917
0.124072760232123
0.0281158182369549
0.156251830648558
0.110567331592226
0.13200864913165
0.0763249463642112
0.0517336138361335
0.0341822182002683
0.0889487663285468
0.0545305753333786
0.0654384028560416
0.0584842564998876
0.018714612420775
0.103440360415343
0.0715545851552225
0.0477141898557908
0.123782258340411
0.116825346446824
0.011078997933198
0.277192147254947
0.104431939651676
0.0911763996723015
0.18023969364432
0.0676819805913135
0.124455718531787
0.0239911014261874
0.235725433890302
0.150020037488063
0.194863653961663
0.161873545523581
0.221565261226656
0.175472265924262
0.125920691983206
0.0572687155403673
0.0777193651514893
0.155279612917358
0.0394150533163388
0.109270819886965
0.0317815505197319
0.0446404609661682
0.289224037809338
0.357496299151269
0.229570309180602
0.126904095977351
0.0974163907800898
0.219867194934542
0.200434241727922
0.26457427461076
0.215006839323794
0.398902706500722
0.121446363915577
0.185929010401231
0.211739736594621
0.113290441118768
0.0631390182346902
0.210743999007191
0.0916735173423891
0.319350683529678
0.111361901270731
0.0294969124432923
0.133094753213958
0.0399997720479562
0.190791258469334
0.194879064268024
0.107894598302225
0.072846917535578
0.266235889027379
0.317818227780889
0.0850456406523069
0.3543418822586
0.0198338450516149
0.25301675224532
0.327221872487793
0.270676351955608
0.0775520704799412
0.167609585854923
0.057228838273344
0.29362731400966
0.051166461304823
0.228439240870586
0.0963350459430865
0.300337668588654
0.258980492716483
0.0120732447301737
0.1224972142569
0.235404622036317
0.0716483654367374
0.0744817087717971
0.023691741764972
0.0599612266275196
0.280335961995606
0.067983577577539
0.138231353180852
0.0205783831644844
0.0143581246948242
0.0415810954918025
0.0825424799285155
0.0395350409704544
0.157669150779156
0.112753539895425
0.383255636165353
0.386119729178276
0.0647445843222641
0.237366107188454
0.2219741468475
0.106299935536219
0.236008473817909
0.0898869304412109
0.170370076836303
0.0313589698956727
0.0415865879822456
0.106791034601284
0.120790004926433
0.0366188336259571
0.0152630230698496
0.223190143294807
0.372827684598929
0.142779925987915
0.159063172606734
0.15142364728353
0.0225436306437939
0.0579514611952181
0.0371831453874986
0.114201501219923
0.169222589723703
0.0300772914832518
0.0818177068301105
0.0625798247928756
0.0511057309465879
0.0472384381747249
0.190052332343129
0.196860188681651
0.199314612157541
0.0155534669907843
0.144487069366095
0.0350022904914646
0.231173076704202
0.0374626418105318
0.056428705118022
0.180824353659583
0.136245965787359
0.255961592220134
0.175857368494325
0.0149742288127021
0.207872718587408
0.120347097872913
0.226972990518618
0.0159917299277443
0.0598831427362798
0.0715106089658967
0.259556912254963
0.0398400007059058
0.0841625606231476
0.0530224778108929
0.175985483493445
0.141093421804507
0.124835843627493
0.183085785616909
0.0154384266365611
0.0955741643272423
0.0844152348831147
0.102562517595191
0.174529127050276
0.258944077494842
0.0207078515045553
0.10883844087263
0.0318625431484377
0.0283647589753144
0.0816563971880315
0.0676334615648003
0.0298675821984379
0.0481682839726601
0.206736151817344
0.15621620874166
0.0678629688646658
0.135174537146432
0.0116155764859273
0.0886906305837123
0.151251635864249
0.138012516808764
0.0210008539927256
0.14649164783476
0.0234072214740707
0.1334282260958
0.0141158093716985
0.0401455180132886
0.126208186792955
0.360294299564751
0.101344965521282
0.209782872642596
0.0504180966765621
0.100880346408856
0.118435264714222
0.0309357318739948
0.238773037121614
0.128361203091887
0.099874212267004
0.055015520794947
0.103344651966867
0.012316223612198
0.310961416126379
0.101970573547235
0.0593187073128056
0.234049737076848
0.206624415630508
0.136570068796019
0.304890363101006
0.0269893977642631
0.0275380332692765
0.209006765534893
0.0435180033351637
0.144703375035428
0.09346549094667
0.161620300619962
0.156450406098371
0.155534103388517
0.158028140919058
0.0578367875404124
0.0913582932911779
0.177167007107347
0.0160031363153688
0.127190158735857
0.273184238944654
0.0528093307557253
0.121948098422026
0.0131768949729825
0.0676201610501348
0.102504154066351
0.28592653963655
0.0194254768201134
0.145517190281278
0.0138299597805921
0.0210467694499984
0.115410764998997
0.122031705604602
0.158280567409233
0.0957353274162703
0.100817664281256
0.145670740899729
0.146101311247402
0.193498727583142
0.168731040074279
0.0768308788430398
0.214291645320865
0.303017117743124
0.132774529810324
0.165721159673276
0.124978408298522
0.0891740062395794
0.0797131283508377
0.0218471724051473
0.262545840132635
0.0854815078651877
0.0630620435125641
0.489355679494062
0.0408126172413109
0.0270992831228008
0.102005041153306
0.00847804844713029
0.0378746331937562
0.22587437426442
0.0860368963147321
0.194541433284151
0.172639108553882
0.0936454921227099
0.104846241352479
0.162153101173336
0.355188115562726
0.0171771859364993
0.24449260761272
0.102540055943823
0.0841123079373194
0.280826845707144
0.0892179398080527
0.160623107520812
0.135982673861012
0.0305356519069778
0.054937767100886
0.0371153406771307
0.14096471888632
0.258993203321184
0.0649509512687296
0.17051824092754
0.0434626053947285
0.0139426516373682
0.0788035032942845
0.153939876810902
0.219852182916867
0.0621939418530018
0.180015607439231
0.198945054720846
0.20777191623416
0.0740987562466335
0.105773963689468
0.129386438264881
0.0544039442599083
0.159691705853305
0.085622341490789
0.132339946152478
0.235945931218152
0.0344290044050718
0.11302713385509
0.156185800201517
0.0118633632995759
0.220744152928592
0.108422177421677
0.200633044984648
0.0776169376466945
0.169707269584628
0.0281846988329739
0.259194620799552
0.127168144836544
0.068547553634372
0.105306164559588
0.0761645849632343
0.142651002679626
0.026594587012545
0.219682846687622
0.0588890954210446
0.0687312881997802
0.0728238681088353
0.0195506593737486
0.0593514533112282
0.0133906528777664
0.0442574080429429
0.0848216012428477
0.211584702667098
0.245011753055338
0.0211620961806948
0.0687709606421914
0.0594245606840404
0.0335996297911966
0.0168865079072763
0.0655475606512411
0.0531581487682419
0.162549268779395
0.254550025749698
0.0725756088080718
0.26134795749972
0.120235051041416
0.0977658678237017
0.0323668757114337
0.106355800986607
0.361671603581782
0.074617510005206
0.13503549298482
0.0239236501396638
0.0397826679887474
0.145516376343674
0.100547363277477
0.234612302860036
0.0878228302002167
0.122476368184076
0.0802384212461856
0.306508115853442
0.0541038697040022
0.110842992170535
0.0340607681004795
0.0266897334961078
0.111696481228453
0.0551675269625365
0.172098975815875
0.0280991863994829
0.196593461319725
0.0605831391298581
0.34387623417484
0.186800679091526
0.0347610410707161
0.0289019470953803
0.1877146756865
0.103181838752672
0.0767124896200897
0.0746269206795617
0.237734671279201
0.154303940061627
0.151513673421515
0.158068863549609
0.0157785242782045
0.0333686272960938
0.272107151398843
0.116737465171188
0.141565905414434
0.0423038268824335
0.126130150594263
0.190150454716151
0.158443825217726
0.0144693690486928
0.0831019460015713
0.0181674816905351
0.0616374377107699
0.125575898443184
0.071151762714121
0.162911689462686
0.0644471902054364
0.0604701661283792
0.0195514273760916
0.0906344745289996
0.140846513582368
0.0920652213684237
0.0118406891222541
0.672558639082784
0.156855365148383
0.179592354802148
0.0173357822417105
0.0519177555914815
0.0826378430691161
0.248676992192833
0.178940033113447
0.220314100237579
0.0821167987212412
0.301561811598137
0.0959139679778012
0.0635821556226798
0.0178854514452022
0.0160317821872923
0.12122013171961
0.17958696061569
0.0414429670379635
0.269205417413725
0.0712300751792615
0.0169533953297378
0.0560612439277955
0.0772369550328274
0.101646741480467
0.0637282729788537
0.0772530119967741
0.13515907476472
0.0697311537278981
0.0987909903280243
0.0674019813898423
0.0327667663284846
0.0210382000704687
0.183912745429158
0.0467405365390235
0.109981989421137
0.168973641596058
0.193856295384507
0.166031585778233
0.0789934889095896
0.0366051436884574
0.12815600936217
0.156457698161354
0.291260378575839
0.0717939583965679
0.0114866122277441
0.0530728994331818
0.0133955772636099
0.0331291734988826
0.0667925446337436
0.143587270248939
0.371520660874748
0.135677787246851
0.0095248801785309
0.0576375413950355
0.147820777071914
0.260565671415459
0.204469012027666
0.227300414764208
0.0189129451130886
0.0794436950806157
0.0461655092714072
0.141472038065148
0.173287472351646
0.0416612944479275
0.0698257675331595
0.127408137739265
0.0847653465378943
0.0872111928734255
0.081420957145634
0.041668208717237
0.0461396749546075
0.255564905380971
0.113046070116205
0.274901372307578
0.246962400675654
0.140447256533213
0.0834887981362955
0.181273911711046
0.112921511575049
0.222184998650179
0.143274546238707
0.0372942602814092
0.0405286908934972
0.14385653296516
0.077070753432464
0.0397235719000385
0.178894846643657
0.0629641243182881
0.143970175629878
0.0691635886112816
0.069546058619768
0.231326480842166
0.0851052649484018
0.258011899730674
0.147074922635756
0.168861223114662
0.14612118765672
0.431069208584381
0.079363407882735
0.0472983791777033
0.139622930231978
0.0693666313306855
0.0130970879395708
0.0315244646544389
0.12015051162663
0.0868453344076272
0.109887958988306
0.275894494181909
0.093730359018944
0.0545682446685021
0.155868664246758
0.110857446612171
0.0578226244870858
0.0615925448075592
0.294703760888273
0.137329625091325
0.0221983785043355
0.138327055066266
0.0484196035525895
0.00862667064255131
0.0884688238893846
0.0311774315086709
0.0636877713954569
0.122904153761306
0.0921400197406371
0.288989588445559
0.0472567665931399
0.0969399815932576
0.0317267856710021
0.116881950678376
0.0275650354668205
0.318007771190612
0.0935622258730829
0.264576721669051
0.0240756170165761
0.211238661078963
0.0152011775495558
0.0100089705993408
0.177303380180069
0.241723162023448
0.193805524569759
0.142365616177856
0.403619607484574
0.0968967173408223
0.143749533324015
0.18727112040152
0.045004307560828
0.0216177634625788
0.135867419676853
0.299624444160747
0.231259375043711
0.349981380042366
0.132134340927236
0.12816069098651
0.165458489909951
0.0197972323513986
0.074512083651725
0.189313977048155
0.198871400276968
0.0594608238102289
0.145068337934808
0.30753560054118
0.150619669016551
0.136293719520128
0.291606994215804
0.162111027734463
0.110033515573225
0.0537140510639826
0.0240468662844352
0.0853992690682063
0.045408761532174
0.174299849039708
0.176224999228839
0.231701264550642
0.123613803123525
0.227733380619473
0.31270709872085
0.164481339991586
0.125416460873422
0.255671421319348
0.0137615018479634
0.0347527157221441
0.0259654166383908
0.114870766570794
0.0278964554746926
0.0683705526941377
0.131282801469895
0.0197661880718134
0.0814273196930095
0.0763538253288977
0.118287664331477
0.120951929518221
0.0503414826788953
0.180056028629564
0.104398682872488
0.163844154977227
0.0906158557387831
0.311583936195616
0.263271153661048
0.168684996043998
0.207169264109644
0.418782461230237
0.0734904066923078
0.24942729783773
0.0796010759539415
0.143400319365315
0.193693940661258
0.0766488653145153
0.115867156595942
0.183712641535063
0.351491148849213
0.0363480460506299
0.0189580215093723
0.0393933225153363
0.134476642273644
0.0107188080401993
0.112463810428247
0.127219740678752
0.0988007369572673
0.117695145993354
0.142125634274394
0.155362198698102
0.279240950625861
0.371595352907138
0.0204103124768058
0.247705894557144
0.0116114807984139
0.295765672666377
0.152287315047374
0.041699464231263
0.248200335924834
0.226092772004986
0.101843827837924
0.0514114324386847
0.0217844941236074
0.0684494634466912
0.081357267081616
0.0652006858879626
0.114232440605204
0.123239904159202
0.0163884334166848
0.0359874851804976
0.120721438130041
0.080248285352239
0.0391277387170038
0.111771923384964
0.0155783743073464
0.0703518977530434
0.138255042178464
0.199960261546562
0.221444926912604
0.184676372557786
0.0827723403433317
0.305704526316252
0.302153286300234
0.082815888431623
0.118555214333948
0.212152711470692
0.278439673199434
0.134994179674066
0.0126306318641096
0.0843054384962659
0.288135914075079
0.0097458937839813
0.31449911319357
0.460687094930032
0.312122911203607
0.0509725141776614
0.148699150466379
0.140364129392073
0.214128181993264
0.088305141790861
0.0890230923668795
0.18722384586969
0.0274032038429224
0.132815410659871
0.063201330904923
0.0354262024662077
0.0745276813240817
0.0643152433437336
0.058582932627665
0.188032436298095
0.358163191837432
0.0987220232759533
0.0570938040176948
0.0262698054615519
0.150711829579116
0.0413254840761995
0.0492165025913374
0.151373312260685
0.135463281610087
0.256148366564715
0.338291425565679
0.0215780858240422
0.049393367736227
0.0335886757164779
0.0668367218596315
0.0153968634085419
0.0402054755309881
0.0985838271052843
0.0672234459651725
0.0588965718311315
0.068592074456793
0.0719655902104864
0.262568553444375
0.17364506154346
0.122847824141887
0.30627531377212
0.0140855739210022
0.300415722654553
0.0171770052904871
0.130605126365822
0.0944890461795488
0.019324276759187
0.170976260915644
0.0605360784304996
0.221497252907033
0.180283900321161
0.0782656496097879
0.0374341917988545
0.0108024078934772
0.152832366639001
0.0243522325586486
0.0101569739614754
0.336220718751741
0.204504897307444
0.109874926724108
0.0844202981237216
0.0207231210580837
0.0710746886094619
0.121799791820696
0.0198351901099975
0.220709750047481
0.0341095501761157
0.181920043462362
0.234721008081482
0.120201688445822
0.0704091192292468
0.0821464461569276
0.0560591326879885
0.0981185851436028
0.0579314495043784
0.110897512989864
0.0667664373700397
0.018836303300797
0.194424563110347
0.329878959295575
0.31201161184527
0.0643112113393365
0.122556957954647
0.019041284411121
0.0481905595076067
0.0717543026143729
0.123147029952973
0.0982157710551107
0.118295903092364
0.426242147867882
0.0477370066495793
0.0801572669281655
0.112463186967057
0.256045217753107
0.129671458275764
0.0205033409245864
0.0610024704431872
0.0501162306052846
0.0185871865142359
0.408253570245462
0.0209182700285359
0.155522148553285
0.0806093459162445
0.239828414919274
0.0233194725826632
0.0668448809130479
0.157431853831004
0.0732472753242388
0.0441805477721414
0.158768628946364
0.272611451289043
0.196119696495972
0.286314162884181
0.128409390596999
0.0390006995487499
0.194985714550042
0.075199362271242
0.0593903751821626
0.192471004167416
0.11474350869151
0.252805482056577
0.0624746097197714
0.276519494086951
0.0951613022221954
0.119714034023535
0.229663669320894
0.10575515954223
0.0774595405044557
0.140901012357476
0.033878356641768
0.074043600820858
0.0141015129834545
0.102279105527143
0.245348937272154
0.0812115460729734
0.23888848482955
0.301904012166824
0.0152147549600474
0.0814769235739746
0.0388310868606536
0.0719844263069265
0.065064343094902
0.0154276943777205
0.0287432481867073
0.0826017787553808
0.113852612210771
0.0519931072489971
0.175174301830872
0.022393789249717
0.0885543134497665
0.225628796352322
0.291548070548957
0.239158138593061
0.254056310329642
0.0221990097267292
0.0373487268336899
0.146723282350681
0.0290239280294696
0.0973667899512196
0.0241757110606485
0.100287896161638
0.0513501091866765
0.136528799963616
0.125372407046883
0.278471439334294
0.0785168605022664
0.0509226207833164
0.0178449594765939
0.0473702417054127
0.224216067305728
0.018271249748968
0.101267115574202
0.232261123038699
0.393183315426892
0.0152205552885852
0.0988070477987877
0.0996377293357055
0.0260656218826525
0.225372167847377
0.0642172485302474
0.0921774537560169
0.129246580829878
0.249895910666747
0.0619525251854876
0.0690574194273634
0.0552395667075834
0.163107313056389
0.465717159027217
0.151580576431387
0.135864817973797
0.13766413586604
0.0907678569852687
0.0663718268573267
0.382621001049741
0.118157835289494
0.0770327515779026
0.120074027167633
0.18553722927722
0.108631856721228
0.045193660504116
0.0558474480417429
0.186101496944471
0.0250185094764059
0.0735639662585808
0.144303061282591
0.183144075948494
0.0356712925097439
0.0814407118773968
0.0647890837381509
0.217494732850348
0.0831769528353632
0.0622400392657043
0.174190412003852
0.0678582723779963
0.172871489335544
0.126322797590926
0.0993995871825872
0.133032702602033
0.17773040926978
0.163854209790956
0.0874093768947745
0.152692948487968
0.0871686975103098
0.115323593625573
0.210947910788949
0.237294792342811
0.0603711104603423
0.0944890461795488
0.242413107789284
0.0659939038222085
0.148756664799994
0.0634315537241242
0.150585416602543
0.0229699256286341
0.018170859050783
0.137307242503232
0.0275428453228745
0.0618390096805208
0.144777557432174
0.056648012656596
0.171374324174407
0.148144756127306
0.0379687671621967
0.238474849195113
0.0859502247597435
0.2742394452381
0.0340768514658975
0.242136582355342
0.0112012270491183
0.193599662393128
0.357230991987905
0.0219840523881226
0.202294011387956
0.19991307223766
0.168029384572219
0.286223065985622
0.0692808720486686
0.310051604247238
0.0578172790612339
0.151714345624555
0.342735608182907
0.0147369302582409
0.109605085891759
0.122923454210287
0.0862674708721905
0.0870627408132454
0.0447775531079764
0.0981723974589658
0.113479304956111
0.127501126434871
0.0776505422383088
0.0708357739453301
0.151108130790424
0.182568251982565
0.101018470186491
0.0498707071358428
0.229858230108394
0.178134801606444
0.156709938459114
0.277545095720995
0.0256474690819168
0.4548456504021
0.143381084326408
0.0710163541991871
0.406003152191933
0.267236381573048
0.0730784678270153
0.0290876416887988
0.168039129678762
0.116698667259482
0.0405854526405936
0.201626564602329
0.12892055976915
0.139420530363791
0.145584239195744
0.0522509289995013
0.0244148692319785
0.0699187832221014
0.0927337858863383
0.0572388809983735
0.13411508637565
0.457145865337292
0.0189045834560382
0.143482280478956
0.114664713092471
0.0986547042346744
0.0249975888541049
0.173505931872865
0.104388537513651
0.0251427053535347
0.06806818908761
0.0733647886087909
0.0442585864651829
0.0116135758352102
0.0835737913977715
0.182454571352685
0.196714728603051
0.0823698813719512
0.115389098391982
0.0847348136442835
0.0283373451239836
0.01704325181607
0.0305778585451447
0.113734021697176
0.141968172448395
0.196939700197245
0.101311163241585
0.193294204354653
0.0373427365325926
0.0486918702787276
0.0303084167083904
0.0515570383763445
0.0961442587795523
0.0985336026580803
0.021132397771191
0.0188027225309754
0.107462343295084
0.0136220864561148
0.167713704852402
0.0346243993977962
0.188197609082056
0.0669149245519608
0.344871581165202
0.157302133080364
0.1937555887983
0.0699587788862743
0.08147689596141
0.0934222068359737
0.139885017880941
0.0144411527588476
0.130125559436317
0.0138265729938667
0.0415086145940557
0.236968689611463
0.0140849657638106
0.12602725293978
0.0416094861518653
0.0269202039838115
0.185336832160991
0.227610021040509
0.279526884865077
0.130881051965159
0.101977369215791
0.161846292330098
0.347102740400146
0.0415060883437979
0.0385640157200042
0.0675288463944384
0.388796775106359
0.151289363492159
0.192667059734497
0.102832533758903
0.368234566991594
0.0360397058392369
0.017521223395198
0.0856402719589371
0.184270445171909
0.275194443561721
0.294516748031173
0.282680187687544
0.0590968509684356
0.241717379261617
0.0378528682469721
0.0644450692454717
0.143762551702791
0.0215391418670084
0.261674768936106
0.214683746833981
0.124759363926727
0.338702888863514
0.0616842758592682
0.197971969084888
0.0208367529115686
0.131742627413644
0.0763650365381425
0.091932493116966
0.171872702506629
0.0163368808055261
0.028864423142625
0.43672890276214
0.0764418750570202
0.0746157518009616
0.0263522330082251
0.29271594683234
0.139344176422317
0.0922308969042729
0.363291906232042
0.496313584219856
0.111940948829343
0.0261035083388796
0.11024665149422
0.0136697708341045
0.101351687971228
0.13726778958508
0.0720702935294939
0.269588048641632
0.122372872863128
0.0187096732241573
0.0844214690061384
0.0314974446548065
0.172609999146289
0.032442045965164
0.113819409349979
0.0478220303546733
0.346553914202871
0.256070385076587
0.218048156210574
0.0120591607714895
0.0896923054065563
0.0230626380720182
0.222089128785691
0.0372229703971796
0.0841120092079233
0.113078881701129
0.177799257040392
0.294608506535653
0.0402482384975823
0.0776849679265064
0.0565640066165905
0.225264473818358
0.0361748183637853
0.122802880585886
0.253106549673187
0.120047737440648
0.139564819330021
0.0233801694497706
0.274024615169206
0.200654566849851
0.206604657299559
0.146397211883213
0.0333453061899324
0.110137979551677
0.105548438236254
0.160661297842729
0.0909359258496291
0.136558099207851
0.11289099040374
0.0381192814203825
0.137930132387838
0.210934967246328
0.0953126829684201
0.0319606260606914
0.0327696806655496
0.104749973925121
0.25580513848777
0.187439261537333
0.0681007247922545
0.0644724427917587
0.244653176902442
0.0862502093484817
0.0240692900599953
0.209377253040608
0.123425005081073
0.158950526211515
0.201271649494502
0.131128715867773
0.0669371681902907
0.264325244989876
0.01971399662265
0.0678770391091207
0.0791866773737253
0.159194491365847
0.015695970735545
0.173124494354244
0.32227092768844
0.0851982117878091
0.115825078410852
0.0176795095930639
0.313328205509965
0.109329517619908
0.0933890936767794
0.0920253993372684
0.030140639109877
0.37238773287961
0.0417354467519438
0.0869189272382929
0.163932251446609
0.0353328670710081
0.306944662314186
0.458543391951418
0.0678717524316424
0.162970175750872
0.330535345388284
0.0361632455222825
0.165904412203034
0.0803517492142277
0.0838987417681156
0.013614554276803
0.114674094419219
0.0970764315054594
0.0931647559792648
0.0410495461058284
0.0126591692680551
0.0770451209694708
0.151283386995453
0.305539157574261
0.102217284812977
0.0940259970998282
0.0989254133190478
0.429748201538413
0.128414495573591
0.0646711843239763
0.057814640084848
0.0557974020868234
0.133607079936554
0.0252208136767592
0.0883512360766398
0.0816196889932553
0.413772175929988
0.174144406757313
0.153683021803922
0.205550226887005
0.145344388052071
0.117646584573123
0.0117672521063553
0.0767291702987247
0.0167989113805508
0.189863500243586
0.253048924964064
0.124798239065795
0.0225333608114661
0.0319166438436336
0.0502997573506286
0.217221368308173
0.316311781836554
0.022730835333553
0.135502029515989
0.0344578138704487
0.334100118251696
0.253103965531536
0.0928181264250756
0.0309487133482099
0.0234050313315683
0.286265676562021
0.166234610215846
0.502763040871083
0.375830177397692
0.0924632842811158
0.27163784460657
0.0784943720980447
0.0292540144465365
0.0316232172972445
0.0791388462267662
0.105025559357507
0.258163290332077
0.138365837570658
0.0257357351668747
0.0221494191433856
0.210167131773759
0.0222818746567496
0.0908530649250612
0.125652825693675
0.580651078031974
0.0578351447100708
0.270147271922286
0.0872737288317487
0.0356639274325374
0.0989408247543851
0.410824647688793
0.0905915323949889
0.0583199171848662
0.29393035297158
0.0297738094291406
0.280757190544085
0.0942004464304655
0.138654885651673
0.17393182347631
0.083116889439464
0.126471535375107
0.220157234558871
0.282913916300397
0.037084382239037
0.326666435984808
0.0158813869461202
0.197138610654484
0.0228798472371836
0.0772949572931538
0.170639034470119
0.0478426525528229
0.430853146682902
0.0307938096008485
0.0823173863262862
0.0973149945324896
0.0779267740645498
0.175105184705262
0.202508057233077
0.0818069647473601
0.445326318529949
0.0427138781323268
0.301700923721287
0.0263993387011041
0.0526864573300636
0.272681126734796
0.383940661288568
0.217974226687012
0.0225273500989142
0.017352536597866
0.0816054911765472
0.318179892211437
0.140380448736514
0.200192764795035
0.157395641371798
0.0950540246516551
0.0115356873489131
0.135390700828533
0.143200717638443
0.206477416942861
0.0895031565696218
0.0249753034067051
0.286658865415632
0.033273089556345
0.0501663172695294
0.0364022116916617
0.216266670613253
0.0874900530316541
0.0844961174172056
0.119545064123823
0.025273718508967
0.56288724854054
0.171820380336746
0.375023984910846
0.286642440837354
0.0145589396737944
0.0121527234882151
0.118584633441105
0.0358257829536092
0.0734174012280334
0.0530622228708573
0.301963627600676
0.0567513081503741
0.105344530422883
0.256088928141399
0.0862124069738826
0.167799952590545
0.0205110128281183
0.0798895335723731
0.242004222078841
0.282211449893435
0.438003119695962
0.216158457441259
0.119757971585335
0.147633119628956
0.0464542657748089
0.0149733785058601
0.0166929757571663
0.209635639282904
0.115308043269206
0.0250962198546627
0.0745393849632544
0.185108010155993
0.239060249189791
0.0729932813124185
0.148673002641802
0.151213889217176
0.137192945709797
0.0365681550326817
0.115310905566312
0.0878402431640576
0.0148519595581643
0.113759552188345
0.0727899946940368
0.183253094149692
0.103566876754934
0.227777071492308
0.285353721915721
0.0121065926978528
0.0834153716848671
0.15273215932301
0.371910151072664
0.401672491571633
0.0325411195131507
0.199230870440918
0.0462696184811372
0.0140730591781052
0.131129090222045
0.0533401028792913
0.150252006449901
0.0171888750677247
0.200216951329219
0.111819467533724
0.0799685748517733
0.209599687516398
0.143990972123679
0.0921429536031899
0.0736404605357334
0.121237904353764
0.114216878810139
0.154337295391375
0.189553930533531
0.0364551484071419
0.011835222501466
0.0485042682365319
0.0218591458047842
0.131711904198897
0.244303488753646
0.0862084523331109
0.327003587477986
0.0234565276075651
0.0425768062990961
0.0276776813227035
0.253006885121568
0.0490958480665426
0.097714006833724
0.0351781586244941
0.194713723730211
0.0343266948256344
0.0265650228183633
0.143005182605165
0.128905630093222
0.251002151961317
0.0284193805148161
0.445702886867516
0.0598292162976134
0.161158658966813
0.0572713069725901
0.160119683479169
0.0293245682480724
0.0111730970066626
0.144659841413096
0.0738774242630239
0.0465911127021789
0.0978074186413706
0.367392074038041
0.305207374343192
0.0156469288874716
0.117945829451976
0.0235430104525516
0.100679681496234
0.296609766339176
0.0926644066373941
0.0694220527543766
0.193475245377018
0.0652438333935429
0.0112432099775401
0.102594825955372
0.0473052795061832
0.193827359774987
0.0303153677400416
0.295215247392237
0.378502666885383
0.0324991154611634
0.193042059268509
0.0530325715337251
0.204007036142765
0.0162167152412945
0.19040349504734
0.483380186780507
0.214434102853174
0.269570239885412
0.0337005327326103
