0.203411055102391
0.0775955851531823
0.107422165421625
0.252415197893298
0.194370817692113
0.112259453479906
0.195948599140996
0.135668740881563
0.165873404859863
0.0922444486586362
0.108123895648132
0.190132309332157
0.136013920360237
0.143862879048584
0.144134022547331
0.115020043806957
0.165860442015548
0.192944295439652
0.226059517684179
0.176800677701223
0.228952877267308
0.214113195467965
0.100938686422104
0.0991810822072654
0.111565962212218
0.177655983814288
0.127323843263685
0.110333884274119
0.176301200795391
0.214890294219123
0.11925682759896
0.181253973100834
0.105120008341342
0.190809641386702
0.224752499746011
0.124582925578277
0.0829097441505168
0.128370580434049
0.218316178402094
0.157084949762059
0.188819879207771
0.201512532896114
0.160767834974963
0.191580422870312
0.210914861010837
0.210477379578912
0.0951263258615623
0.13446760879105
0.164756794989811
0.226379163503526
0.204528838042408
0.169083605052208
0.156342218865987
0.182354141365358
0.221883691591924
0.227328064115798
0.237996943989455
0.214158222764346
0.115091461357388
0.159399474589135
0.191833132982212
0.120766873065094
0.15123894500969
0.12650584976611
0.199757581576269
0.0957207016953817
0.150084884065822
0.164956167361062
0.227993939902598
0.132464141479437
0.136391273924887
0.0955681120732578
0.101672882848234
0.141302768095906
0.146106871067539
0.155809644017292
0.149304154045703
0.158763786152978
0.106471890259952
0.23766715535482
0.197299643315513
0.194133832054737
0.0920113558127457
0.0951490276655788
0.17602369002327
0.220360540138802
0.199792130460721
0.0953144218958192
0.10830028938379
0.1808607016045
0.200629833070167
0.172875949832326
0.167808243175673
0.133366875642611
0.163243996498995
0.103070067104992
0.172183882091534
0.120461359284605
0.189577304345339
0.125788034701408
0.240473186122294
0.187859446861994
0.176168899587556
0.218749491346649
0.0828106572115763
0.211853789674243
0.119729126286438
0.152748477126237
0.204260930225133
0.160183142157904
0.0884761265687195
0.110117890359612
0.130904013340368
0.170743042345657
0.112999051597791
0.119623078239981
0.154458500714489
0.18893452801236
0.100543122850015
0.109225875026511
0.123787932077091
0.0876844893820933
0.141228526774888
0.128494017045552
0.0964237920671309
0.155306306600862
0.158765930018119
0.164866044190802
0.095991261257396
0.137546745093025
0.201999884707128
0.185298007442284
0.143674420209681
0.142344479345026
0.15753344811668
0.171940016045977
0.181379813090994
0.201032399613133
0.195414913457806
0.107341289594708
0.0866450001434031
0.0795171062451619
0.0905486894418913
0.238793553324973
0.171488838615278
0.179546884177084
0.11791257970906
0.108660423922556
0.122724905198109
0.239586334627576
0.169015347799732
0.202683271980493
0.159077449198879
0.113973355221027
0.156099725756195
0.229910367992449
0.139877055534249
0.0792092097958471
0.180264834781657
0.186323849800689
0.11327097786536
0.147141960554907
0.173407165655901
0.215381065185504
0.0751767869184003
0.128692269837524
0.130069332528628
0.103290830186089
0.0900994781468954
0.118291365652046
0.108014269082254
0.169548596880975
0.20688268052936
0.0812103619375864
0.0924932192446847
0.144571892669289
0.190156170786684
0.161179487018961
0.177451014329284
0.115976641906928
0.140508319811511
0.248585829441053
0.0977039078406071
0.11444349163276
0.197667449938769
0.23775608026263
0.0902944186114839
0.0792617220592242
0.183997447652081
0.178704621106878
0.169727478675009
0.110157093683926
0.113624997330802
0.235675571984683
0.139108323659794
0.0968987264180136
0.222166913182462
0.106063137448189
0.130987530134295
0.25329772903191
0.239128099594743
0.213071155747415
0.221870494820472
0.153112174615783
0.223932641162891
0.111675035832766
0.119981881476362
0.0961388225028561
0.0884737006159113
0.130081015818413
0.141686899095235
0.231442994479449
0.0905468618825268
0.216271200166313
0.200238196840945
0.126226380224606
0.130107799306457
0.136572139455779
0.127304428357569
0.115596364887642
0.180720086233463
0.158923733793188
0.187736306104988
0.140487667973886
0.0870748603097985
0.135756133185966
0.144263142922669
0.178833980741466
0.221998242679855
0.225644666690882
0.10452053523292
0.240669936766746
0.130977524493753
0.111731912847261
0.202963308142803
0.194090299012305
0.172465654777694
0.116702006248272
0.14085997987264
0.148973654411972
0.184940340182365
0.098199418647171
0.140607593023522
0.181111344859723
0.22776584129387
0.159237661243022
0.22366295702598
0.244459509573338
0.217048922595551
0.124800121102926
0.187810096151208
0.236669775035582
0.211445630448723
0.181289961362367
0.0874091791610385
0.110642327871178
0.118094802378201
0.197178175843855
0.15321497642602
0.234556855863526
0.218063397580526
0.120121662105237
0.11990534107039
0.0874017377624596
0.111924020059685
0.11445770705334
0.122285276617003
0.107081089593219
0.160757538124508
0.116096045309489
0.205951124401338
0.103969010480516
0.168157879138593
0.169511452180313
0.0905219168290892
0.141918422448008
0.184004139736001
0.103217226726809
0.0992959906658029
0.0820067490351623
0.189802057876254
0.199991736562985
0.0991582978717608
0.137572603906607
0.152083669311623
0.208222847736445
0.103512756268483
0.129351340351004
0.209344646904165
0.15820898980725
0.0960446003570194
0.101731086916367
0.222233782402337
0.199928204632333
0.108013258513097
0.191921797358617
0.22541024262724
0.112907153878261
0.141938838176445
0.0805705424947543
0.113210548858008
0.210112602776802
0.113644408183214
0.0903349112035184
0.198839162562932
0.157979061450925
0.0753306526881584
0.233661440974645
0.137766596000348
0.18807533092278
0.141772159886493
0.125229781977718
0.139346973402059
0.10295190579498
0.118068039651057
0.174118305114221
0.165706210979762
0.106633317817542
0.164027410792213
0.145251267556259
0.20295507561511
0.0923346134945522
0.132834462356574
0.112246109681867
0.174603145803197
0.219305387045505
0.124796303868529
0.104213161598099
0.131953585011588
0.178895822150195
0.192998082328633
0.190935801387041
0.177253627478599
0.130028018406338
0.216159042177799
0.143889385115032
0.139448516638411
0.13705581639586
0.107758998341575
0.145426951545422
0.222452388642175
0.183573762788463
0.189288345869149
0.108647267135422
0.150691986028266
0.0906686530713851
0.0999025588319628
0.18128098450105
0.219763392261703
0.167554198449335
0.147298748580847
0.202566282472671
0.237067673534004
0.144600115403757
0.13518259483552
0.217802070006932
0.0743546017700553
0.188862016242782
0.194757958782925
0.121382976168806
0.185868859317643
0.159701014755871
0.166519706977713
0.207173929878675
0.203083694268322
0.212796970822878
0.0996755057018941
0.145574875367724
0.173725906959863
0.182410005441332
0.123914692086973
0.117744677437005
0.168099129481209
0.123916877772568
0.159778900059265
0.24711827669549
0.0843769331083033
0.201148887162563
0.150769080224566
0.0766727170036919
0.124724655943975
0.138575334393191
0.238343484683635
0.195126835493238
0.172189150409629
0.108626567402624
0.152006092791537
0.110692991910195
0.165936749836404
0.110074598274934
0.126152075554055
0.119883978922264
0.178187949021923
0.110041661712809
0.139879278492861
0.261015398156832
0.121290362469974
0.220841706809316
0.0915158993203321
0.128951302771234
0.222719216036222
0.15414993738146
0.0993603762998057
0.0734633025732426
0.148512357619679
0.148503838594921
0.0964696117776725
0.172107254572982
0.234198030341648
0.124606301495199
0.174508345502499
0.167449659610815
0.1789576675925
0.157761112460401
0.209158509978276
0.219543274027915
0.221790735022629
0.163319256889402
0.247240112242045
0.192958857676414
0.144527519970966
0.161544425843854
0.179854155504744
0.219947048422834
0.0964565048980948
0.194019324368977
0.109670067798607
0.119113932819928
0.103531501024942
0.186957563289526
0.145106322558659
0.145948200344392
0.20517577397271
0.195322870750175
0.123630207733142
0.251342908847485
0.179049569036978
0.229300827887282
0.173753995847238
0.189656536658123
0.0840352346158684
0.191337496116743
0.173211642767709
0.214321238919114
0.18741801119308
0.257079975356705
0.197900772238731
0.0922492669815798
0.083253379441011
0.217613103655421
0.144254185608495
0.177510228963676
0.200821386357834
0.190152612549775
0.157190089672636
0.114694254387057
0.129453674094543
0.199741951961544
0.279005968771701
0.143630461310303
0.164987431110836
0.227399540955136
0.211502480199187
0.209225255239756
0.105896656000316
0.166035065718862
0.197631036877645
0.112784751302335
0.120386263211578
0.143129648212366
0.197250948527309
0.126833874020726
0.153611312708771
0.107994259805833
0.151086824940873
0.0900093730962323
0.0790153545581809
0.137733625738806
0.224965022895519
0.168300251937036
0.153622379750613
0.200927551307269
0.124781740789266
0.0948272295855517
0.102864057561988
0.177372799452697
0.187382810703197
0.120369758811866
0.253176349075914
0.242671149223074
0.208537795102166
0.108111075435397
0.131136745845345
0.264341012502113
0.2181750457207
0.212133898160959
0.093225542643126
0.241027200902606
0.178002524772287
0.238058666933354
0.180465198441011
0.13042553051313
0.0776664083506989
0.169261683388337
0.0908310152765193
0.197739812618465
0.141501615039428
0.145260731472313
0.0800413311273383
0.166853663566177
0.0973624326282919
0.234446483981813
0.228155960122124
0.232512783234608
0.158709499428345
0.166258949782842
0.246549712826918
0.0988303054896971
0.218767953213172
0.188820905024022
0.138757932827667
0.151455173468764
0.169669132149039
0.157954539504367
0.224699191017322
0.151337371350415
0.175026561746434
0.155089540594319
0.132993889778661
0.113558720270453
0.208711719514931
0.102108214698112
0.13256377058917
0.129034290535932
0.104776583378823
0.151250580247606
0.140735702946452
0.178435629920402
0.131831495117648
0.169163589556093
0.194287176425934
0.17643488124037
0.0888536468614289
0.192780952888618
0.123625691759977
0.173773096613169
0.111046575521438
0.0956743111521675
0.119769117361661
0.196931482961512
0.217294812574062
0.140638995403893
0.0967125733919231
0.132817861161133
0.203833124143067
0.0775978623275542
0.117270715570089
0.103977971709531
0.168273773119849
0.187007494406351
0.0761447323523266
0.207082546482967
0.238857132878175
0.17718811870512
0.219802783123788
0.266224377087023
0.141950142187047
0.0947967021703273
0.181674153131976
0.22001350292952
0.200106698935656
0.212843623175916
0.166937755684048
0.147154067125093
0.134666861780729
0.191923907121071
0.0929270317172791
0.149762440529354
0.144192946766697
0.115842141303269
0.0741493061911323
0.13937357496663
0.212883223348938
0.104152397334145
0.14118085113959
0.100565027278339
0.24671957856084
0.156743896300152
0.13252343314704
0.235120521184372
0.179192509410044
0.103592062674578
0.140690103577103
0.0698014711927073
0.181614452083445
0.152030327654961
0.101791482482835
0.248019490700846
0.234952324047353
0.148678164441061
0.0909672107248529
0.222982630183801
0.170453699886168
0.235248182693965
0.128786812496926
0.234200692678158
0.116520837022395
0.181700688240555
0.266189892156207
0.212142233823956
0.240638406231076
0.13336204378443
0.250200371289935
0.176645857165331
0.212495358389897
0.217146823101336
0.203328432092793
0.15775354533203
0.171771896584018
0.137888822337121
0.0961848073606981
0.105601003844077
0.257711431519901
0.1960404787052
0.170338039755413
0.11153455423057
0.136999969055027
0.0978689454167934
0.142505403264014
0.160830449512209
0.134372219911333
0.11036728549065
0.202671931430477
0.147461371405696
0.213098769820515
0.152179948612727
0.257051229537629
0.239312645575192
0.125364249733347
0.124926559957025
0.180975041442437
0.19227050068426
0.102662687666582
0.092795118829437
0.150304097040555
0.15191638105528
0.159972615603879
0.0833905906732711
0.0721451674525727
0.183333351346399
0.0995981781091603
0.21411439323719
0.108555834827473
0.261679208083984
0.193455111361724
0.241594195713962
0.111796558237759
0.231987436839059
0.1895130187395
0.0912868812314415
0.151194777020557
0.135901157755709
0.141219792429225
0.213935500829545
0.165828229248779
0.12319199201028
0.0764036412906179
0.111783986692345
0.0941792223880502
0.237302022024497
0.090915611523995
0.169847041737697
0.11462245417798
0.279347070020252
0.0900966594347683
0.161615716957114
0.212328877838802
0.0901700072968689
0.195280205012765
0.172166941594088
0.216776197713149
0.25137983220984
0.146655095274967
0.133708035230811
0.191475323142093
0.145275492750966
0.201567810377453
0.201742967755692
0.245903640734629
0.153005588549981
0.0820623549505714
0.163283215033275
0.105117656999202
0.189960656640268
0.137095183586441
0.0802173125714045
0.184772183338738
0.125130613393886
0.228801913401642
0.0903224672297669
0.124856336616553
0.203877869323854
0.146637792455464
0.113586559407666
0.143573637607637
0.156195529169824
0.139649751373308
0.094893723741438
0.181605309419448
0.188077516548745
0.272401043338293
0.255959625404156
0.109958691692592
0.0904695833793327
0.109606675148508
0.160274598094835
0.137395901848243
0.123397898637806
0.187685215720405
0.125158170481228
0.0916701476448894
0.168888868151817
0.103068788365324
0.0948354771239345
0.198667737091117
0.146027457071557
0.205873043587011
0.0965996608552863
0.186925234550654
0.135475412660329
0.248324182551452
0.13332771707195
0.226928868188886
0.0983272493617411
0.118686731090379
0.135115340470928
0.0914198498638036
0.157653340740949
0.188063960411772
0.128378308966903
0.240931691520436
0.164021936623437
0.0751617848355837
0.127381410961509
0.10969032024501
0.20420584864881
0.251559413119895
0.12340350525691
0.196962389202696
0.113904554082391
0.287487975958837
0.220336823737981
0.18145276264267
0.0932010377411965
0.176485461298392
0.213211896045571
0.153349476087554
0.104154414730131
0.196932842294282
0.229175007392642
0.220471674870589
0.212853275091984
0.14845029124873
0.145782317020401
0.147643911683082
0.134896173245291
0.110905672673706
0.108004690370375
0.136128900195569
0.193855694378386
0.0859386079825062
0.121610613198093
0.20601703012397
0.151195322270033
0.128506761519542
0.260420481200802
0.208129644060789
0.160411001427123
0.203508953888306
0.148575751449767
0.127887533212507
0.145462486023081
0.0934544069921544
0.0750333789388082
0.1125458044612
0.168188749352948
0.177387515990277
0.120941909752709
0.152305703667355
0.161334357086811
0.176774862926033
0.0970320637687286
0.148216172197283
0.199730703633716
0.197552471047736
0.123574050990152
0.158813684728447
0.0995411869412528
0.157996683009503
0.242738283923138
0.156937485618506
0.0904617634194791
0.251778431261093
0.222940901611737
0.192500575739551
0.227871106200644
0.215259005143112
0.239356417311726
0.124294014236179
0.192322340455411
0.0855610895283985
0.168560641028332
0.119586128573101
0.0722722985390056
0.163957425965801
0.0984982692726275
0.18922569370721
0.202962291674726
0.195548496185764
0.126940998389134
0.157483748379653
0.133724550817091
0.153520352879159
0.195107074180259
0.0844122830600131
0.100760434935073
0.12308564345672
0.258628873272628
0.0934105797678606
0.252620230039746
0.144286137148761
0.206369536199216
0.783623477657921
0.116403006976988
0.193691874484376
0.143085761176616
0.188688307516528
0.126261651567831
0.195647972627751
0.166518156396594
0.200589885292119
0.269317381337299
0.151510914849924
0.221332445099171
0.20468961359584
0.0869241643167395
0.145656898648924
0.0806647598420616
0.192471005815829
0.23034637095102
0.178300083715114
0.154402073954152
0.1773645700934
0.237683164132279
0.198127655806093
0.128064743731688
0.178300038254069
0.177114739237758
0.213968458752043
0.162762464650891
0.166660094714462
0.178274042806203
0.129196285100533
0.152694758513149
0.136542706782253
0.138069169534386
0.175630598509208
0.11767642736446
0.101862592494517
0.12166459601574
0.128498816296127
0.130172607828851
0.171139959334417
0.135270877215606
0.175482024406786
0.101404476057035
0.117550630623238
0.158383272942041
0.133276785278262
0.171511033570144
0.128728519647139
0.148878869339253
0.0708366986957678
0.152091135090429
0.179497660130048
0.163995642571261
0.104314373540681
0.175448150198968
0.160855229135214
0.130755013760621
0.125697155560987
0.162287533807246
0.115055224030526
0.0923042706564814
0.100969812906962
0.204068191572958
0.142150297333533
0.0794042882430864
0.0949993657081075
0.179787544116254
0.199323688890588
0.121919177936502
0.168086674877
0.154159604889595
0.165375599641745
0.112116159457038
0.0990191965145869
0.161887589076788
0.180800822671229
0.107001381893979
0.10190152152478
0.144853061110626
0.183101341930318
0.144039378931036
0.109671592909967
0.146646801692725
0.208435924236997
0.134543338425722
0.0972896335160094
0.198867263579052
0.151864731143545
0.0706814341615897
0.0867636772281925
0.080956003256029
0.134491324362247
0.244550816406016
0.138138156178121
0.156595363522348
0.109643068774874
0.158322245599516
0.210865798963632
0.235196368016786
0.0838471386365027
0.21778362316431
0.181537146762029
0.0827668922140404
0.128942172265031
0.262515390382086
0.085152253122781
0.133018604921525
0.193411478672531
0.215745100266546
0.27292793352737
0.0737014822504307
0.127176490686483
0.225575434263982
0.226117872684625
0.162734599888721
0.20290408967346
0.0922045423821069
0.110031109128835
0.138867008957178
0.119943620194659
0.144104777347096
0.0784456671684716
0.115636530098964
0.0867913634969074
0.0767276863284867
0.267455288101361
0.239383055045001
0.15511116960773
0.0859540951860004
0.141449049183817
0.237442570440357
0.0863114152254912
0.190538977048036
0.241420202594397
0.10838193473634
0.156512475460891
0.118245912393924
0.142204491225431
0.112849521011862
0.14512416098096
0.155944805691454
0.0855684654177864
0.164318013560947
0.193638330982786
0.129627801317247
0.195774913425636
0.0883760101947838
0.186665574022947
0.0844531442149205
0.268903069533309
0.164217483950763
0.136706290677121
0.0969137677405149
0.195581463947526
0.214936732006984
0.27497815276892
0.263504038847463
0.137839416238673
0.137602006550047
0.206471103308822
0.109916203315936
0.0855036545752939
0.103801597665496
0.0942476287922972
0.239924112173642
0.146579220136016
0.0844280381367201
0.178554221384419
0.227065229825291
0.139255154302528
0.113885933616151
0.1640716538187
0.102491694972995
0.23627309065619
0.164476491247769
0.184487476696086
0.177605295266546
0.201798158146155
0.142441718806497
0.222379940696858
0.111907666475423
0.0879260536137382
0.0810560427058332
0.0885957045673955
0.138674777110611
0.178860221030975
0.100330167910185
0.164578768364127
0.191095110549378
0.24664833005595
0.233164735754849
0.221949823160116
0.0995325798882439
0.130294370017429
0.11386356107944
0.0810981117804608
0.156862116949531
0.264814540941842
0.0951349463898847
0.176161837183275
0.153017015702522
0.107634046855357
0.0992156848235585
0.111422395015323
0.142217373681814
0.130485683611927
0.183891730940449
0.0889998826880789
0.188625250207893
0.164777994054551
0.169771629148092
0.145286626010764
0.153550934748063
0.10357314866493
0.161073859739878
0.252378637784429
0.143882521981188
0.128343496382875
0.231827244301316
0.224777963570927
0.121384395801027
0.16399061338477
0.174835669604355
0.12793436977018
0.23939084321982
0.145683094166125
0.246293023996618
0.183311422274597
0.118092933188703
0.0996597208118565
0.137076040615421
0.100183733318522
0.155391901961527
0.287374110685195
0.2295409981492
0.1958304698811
0.175405885168685
0.136831931860631
0.145395854699836
0.162618271352356
0.0793466141143453
0.0886311981539207
0.176228747447367
0.128061149556973
0.089932039812098
0.0916064853924687
0.0652015803627355
0.11331958132773
0.181857553174113
0.229438115356741
0.158809576962529
0.15370984980683
0.273891568364869
0.12067279861543
0.179073805261067
0.0978276665676522
0.123866365959057
0.22897940455572
0.180728534586588
0.158563840957255
0.100262590505315
0.202753376456332
0.229907850016223
0.105113710374035
0.183785981425332
0.0943731481752306
0.181116634873711
0.102581727129099
0.189873758148142
0.266671407759897
0.15856526104804
0.166818734543377
0.138720106407087
0.128033114766562
0.22426970511178
0.140058982631777
0.215324104521767
0.112837109812015
0.114925743404696
0.107680626774913
0.176697704623801
0.133063878911398
0.143120092096315
0.180613973412665
0.255019633241025
0.119983969851608
0.114724606707909
0.248668521299413
0.25042383431374
0.21283295869487
0.153017702529122
0.212543229581564
0.160480440147309
0.18103222221258
0.250994916573074
0.207123522035222
0.278123962791559
0.0934065045996641
0.197087274390659
0.100682038655739
0.246455608581214
0.124538517276584
0.200862944630483
0.264611529134695
0.176369850308914
0.0804438082582618
0.129969618242766
0.133056743151291
0.119282144119335
0.155811633508753
0.201925562082903
0.201806570779164
0.130802560072405
0.282755406155869
0.160446597304422
0.186776176342134
0.154379191009585
0.084060408979019
0.224295471467178
0.292828839098098
0.0862754202906581
0.284987400653858
0.174896846116205
0.110078392189158
0.0627840311904997
0.188838367470289
0.213691032109242
0.136468863407873
0.0727474518564009
0.130144014642977
0.120984447451403
0.117996886328138
0.157312828068633
0.177031741196719
0.272493311494576
0.19048190830086
0.133279300943465
0.138896715916653
0.0651293023269872
0.232484863048153
0.223905549725548
0.103363402091663
0.148620140547422
0.130376642387016
0.122479219586087
0.14519847262069
0.114096282256005
0.132580216315119
0.213791214809023
0.0870368111195648
0.110353097703273
0.148762400990517
0.0761922051604646
0.208823013069023
0.131117672647032
0.0819163927242723
0.0716796111580077
0.213343933322784
0.113593934151952
0.0995642853690734
0.0807621059798811
0.196027306217623
0.137176449619061
0.128845723769773
0.137574001171276
0.0934342659727745
0.163965563786385
0.0825916681359763
0.229102806237241
0.103426442393113
0.137269680038714
0.0805863781358479
0.0920095103919104
0.249942877210758
0.154342019039197
0.258664088837443
0.263675124016049
0.190218790974061
0.138799600745413
0.13590797987321
0.19690742327528
0.0685894759121516
0.198827423347447
0.231324925260638
0.0933675215498179
0.130400500547858
0.103429670765231
0.100224670612441
0.188845253237295
0.15977038158881
0.249355326306933
0.201801629516202
0.216984515687981
0.069733737719072
0.227089294652278
0.178001022943322
0.10682934405249
0.13968846146755
0.0850033872005478
0.216455425892872
0.222648723453561
0.214824868195802
0.0758996955557723
0.152295551172993
0.234531637642167
0.207178202083778
0.166564774661466
0.13229712644034
0.0815398115581068
0.202931969765102
0.170218719446238
0.0777622764153072
0.221525604274366
0.236943686351139
0.125166363650331
0.184217631107536
0.0835697772728263
0.189791824421805
0.145770165524333
0.214185356267652
0.0919567802186038
0.16776930705926
0.181125106743833
0.0800991496647833
0.0868812916449112
0.134560601201394
0.186624552747307
0.128254095709845
0.130584090681543
0.165295318981558
0.080998205490321
0.129264495092927
0.146897585052884
0.184444609150633
0.166369942934545
0.193742873891975
0.250064157755796
0.18304336861871
0.241733396960233
0.216286104758947
0.157738306113778
0.12496962140239
0.178068316241646
0.0879521291567784
0.111287247315406
0.190162226255735
0.145056805061386
0.238268219493511
0.17139519026094
0.256329368501551
0.133739299649214
0.0913894848341274
0.131766962059147
0.114777545898297
0.0826428379173687
0.288231841700211
0.145356622559566
0.269065084426709
0.111595540405012
0.160784291505002
0.162391705680712
0.167363536084578
0.209962729778182
0.122948788638787
0.225023834514589
0.19771967172469
0.227009247057104
0.11366621058965
0.114253920205233
0.0993324166885065
0.275872418290299
0.239922431254957
0.127901474616997
0.123211671555779
0.158672713460032
0.229905524543837
0.209852542960242
0.198837631123481
0.133097709993183
0.131313308951
0.179140292075781
0.114270106719159
0.141962503889681
0.168994371745424
0.177692570717503
0.134569843910839
0.303891030496717
0.211771104093512
0.126862045366931
0.078055818541214
0.15450021304713
0.116707810967885
0.215477504284554
0.177969554840083
0.221929882314896
0.132213983682638
0.163610517434388
0.164820619812197
0.215091495238097
0.113237859165899
0.213035363574893
0.223128066511784
0.107792788829294
0.190418724042608
0.274840985458581
0.268414658771308
0.0879429154363166
0.11758982946237
0.0710155667356476
0.16475654324887
0.126312800615037
0.210914522979392
0.0775526028493635
0.197711816438971
0.0978048271596341
0.104578541210105
0.256361732934459
0.0986179029826371
0.178439880120618
0.127219499913554
0.089347930630172
0.098434026181387
0.0779882720912539
0.122495825325098
0.204476881838125
0.143403225107825
0.0937960007496822
0.131328588707072
0.0900012859825014
0.239663616256009
0.138412939478235
0.244491357437452
0.163708004430033
0.179756712414641
0.145248215290979
0.14433533237928
0.234777888301663
0.116097634927903
0.128251327279255
0.0813730047404224
0.146124978194058
0.15428228773405
0.254706850184032
0.100508869378913
0.234742850288452
0.182651620175438
0.167736424722898
0.0885058194358167
0.111289322399732
0.171992592519311
0.139062563030688
0.0891714513511866
0.0685605013267084
0.0761978036742618
0.226613660161473
0.158340145020206
0.212186311899223
0.0817179417975688
0.202190685625443
0.260467401832151
0.148769698629921
0.105018285376896
0.1401167947962
0.214909295386868
0.189718562650155
0.101816895458052
0.201365796010592
0.265137672555148
0.14992232910671
0.0912576203612907
0.132860287950511
0.15498518015578
0.247383737495135
0.171710695527161
0.0941657143268953
0.146393094620008
0.170709442831244
0.15464179401249
0.0795977337116803
0.107578589332035
0.208824159142557
0.224718939669446
0.238045234725469
0.206139875127989
0.128072573856148
0.0798261214142336
0.193297370410827
0.149147462153282
0.13078744729756
0.234225549621861
0.13782008287645
0.117723774104384
0.0970867840281891
0.222737653865189
0.132483346198248
0.136527744711603
0.188652755115937
0.234544179231245
0.269573472517972
0.25582851819461
0.117341799703567
0.239473854999777
0.129397416707338
0.255631915692802
0.151250580056428
0.214392197647098
0.141526526157524
0.174155361893609
0.109439984944623
0.243607634192029
0.0924219562992026
0.115760485317584
0.0770888054561597
0.207518994778241
0.277846167503288
0.137331251522358
0.189957075772798
0.110536952518402
0.122808962012227
0.224450126163371
0.127465203282451
0.097320550373129
0.0947957760779573
0.11268939319207
0.172597626470043
0.124259598476506
0.184655045623487
0.145056977707416
0.12020760151751
0.155852786596183
0.20352449129373
0.0790699982397945
0.201214162806344
0.155998300717389
0.178756709744476
0.220184198571328
0.135171344966135
0.23449344897921
0.125475605986001
0.100780473766592
0.113518013065529
0.121514008658601
0.22140982981164
0.103609416069943
0.154833527418672
0.142835214009193
0.135430846834157
0.257517154609401
0.162138758487674
0.192623801056936
0.158126275973528
0.131103753793715
0.213420667854611
0.182724505182558
0.111840557024957
0.0942190095494037
0.0647923950178903
0.217173376266065
0.123506402576347
0.107897111929917
0.068571419873981
0.188038195389433
0.259207024591168
0.176965542082483
0.103056844865945
0.0859953610801135
0.084592747554435
0.163553322429082
0.204203578023904
0.0854993865684168
0.211948620296507
0.159176752541221
0.0951480656660566
0.0691470513657018
0.0939739494569767
0.178285094535266
0.175761307179392
0.139432433442811
0.132542831151933
0.262515168791895
0.141734374390477
0.251401926375911
0.206623120391592
0.233648345576867
0.188570212260993
0.11672481352007
0.163565756362793
0.194354266391038
0.129038483329436
0.281257198967403
0.12720299621691
0.0742883365208689
0.185249732942495
0.146470521554456
0.135668692209324
0.236847057017396
0.228331072332332
0.179077857094819
0.19128641440647
0.107604784785893
0.115481357264196
0.250906596508448
0.124987800064714
0.213725756827825
0.22174226651934
0.260722446899577
0.105175385250949
0.151844039054895
0.2617051843767
0.10725821852252
0.193345493687841
0.0936299713995764
0.107826681850785
0.107992062227356
0.0898033135364266
0.0953441653028631
0.180390965757965
0.223709670504385
0.202583749665219
0.156164005872638
0.249922533701897
0.123343473807728
0.201854087528067
0.0715428690916443
0.131805432736698
0.202237925543185
0.104730725923867
0.252515741263266
0.26596566279085
0.176208505932405
0.273434695817343
0.09290819714474
0.0789648526522671
0.108798430605653
0.15154733318805
0.0855245338341007
0.0958948916119971
0.122456822469525
0.118350222942052
0.135251697731441
0.103803934190264
0.198930414792557
0.151878654097904
0.145896812902532
0.133217359014772
0.181253992465346
0.154077899717803
0.146557764065091
0.175377730932927
0.142432612343597
0.0718957371067627
0.100754427260566
0.246273255198434
0.092251330080559
0.207562262121369
0.107342365591591
0.118664749971075
0.121166191476332
0.0866448381849632
0.13567750616969
0.19193746218509
0.162018390029488
0.188030702803365
0.208241188394554
0.171298690779421
0.211190268258736
0.0776025023821768
0.111138244842378
0.10254554781581
0.240101069650995
0.176993053620775
0.224580266175741
0.181417694865758
0.315428093457227
0.270453829348333
0.184148762800297
0.143922386026874
0.0628913867682257
0.0966276174873859
0.183780703699619
0.175621107513186
0.28314755240147
0.244840169971534
0.122578816352095
0.189915165511397
0.137073611923614
0.195345664429865
0.106389613255571
0.108230285059964
0.206681051358601
0.0919872012029359
0.161569306366241
0.207005563460192
0.139621433739495
0.253171916325496
0.239278187601251
0.155298518808426
0.262459413836464
0.158372267204807
0.132087250516914
0.199936352409999
0.0823756261340168
0.157563094820185
0.127861537024147
0.124514514788188
0.153965589479292
0.116816841356343
0.20316902686968
0.200931090782683
0.177162370858676
0.258166782035453
0.21420106719952
0.173508765278763
0.106541274926734
0.143182646900505
0.0907021783843994
0.141247034779325
0.0929003288182902
0.0736251491049909
0.0956492745887391
0.262733199167892
0.1989670569945
0.167030817762107
0.173434913102629
0.17334851795699
0.206950013406631
0.0801548598440202
0.162635151813501
0.129614013470201
0.184487770405389
0.0784315475287392
0.106449777760802
0.118614315033912
0.163400101330474
0.134873051474892
0.152051382573474
0.195194826103602
0.190677567410841
0.0739628246237173
0.108350674704347
0.174766419487463
0.147782676305093
0.265483031957266
0.107309268720963
0.175092101679141
0.106496982397501
0.223725394489477
0.166929199119222
0.119384327124454
0.154726081722043
0.159980074024892
0.172674317109886
0.1219987200462
0.103086219973451
0.254639123704057
0.110183649623701
0.0858306147131308
0.0982697109406316
0.137890023554777
0.0908900795094834
0.213409290948977
0.194747444142876
0.131528073189018
0.165424169675405
0.148969135928637
0.0949134080263701
0.273536086148316
0.173046285773143
0.109345813128966
0.225970812095304
0.0946356930626855
0.201428969233534
0.0865084532534912
0.144450115830001
0.232190214792701
0.148460391712246
0.183709208224542
0.183041015227796
0.216327430160377
0.158650537062249
0.104594206403386
0.164586303091142
0.138022362649383
0.14889016105635
0.0684921293584278
0.141773002667156
0.230967064425041
0.117741544779699
0.0856191869731119
0.141466013235816
0.177407204232997
0.0876052090365967
0.227450248403574
0.0903162554541412
0.125025619190504
0.152963363901738
0.144907589643244
0.172565132753957
0.17904919226691
0.183520518826323
0.280430953997045
0.212233383874438
0.11975911878779
0.0985447426577505
0.224515662808762
0.0926876307369941
0.114846153411404
0.0893268452530357
0.164262403414162
0.191951328789468
0.0895082647278303
0.261186769666156
0.168282907216196
0.159531150995102
0.102203305346983
0.227697362060476
0.196874757978122
0.176557474784138
0.15131978527247
0.172309743626115
0.161313501516706
0.106155878478343
0.258947120072807
0.158256648033474
0.0715317907601967
0.284319437575609
0.269251678500364
0.147170055973595
0.156968677834643
0.161425138757966
0.301201135491065
0.137308131274111
0.0758949602378182
0.116206923306978
0.243242191032131
0.272207453519158
0.168643251889862
0.241908757851849
0.191531269739678
0.0883985582039977
0.257202464025524
0.0813728279324581
0.171356897827372
0.17253888146018
0.16735069645267
0.17281903441045
0.17480421131931
0.141473954583844
0.182934650945215
0.175911716383015
0.187021072554677
0.203549500968255
0.131375444685531
0.0953469463594693
0.236106996903694
0.189211350973503
0.164722101794587
0.219321886988326
0.139593614850812
0.18562187436506
0.16931436138277
0.222697838607058
0.203979702069856
0.191546807942419
0.266211940849904
0.125900745733339
0.209254105089823
0.248696077681344
0.114498639752394
0.256305963042486
0.204887692672966
0.0875711882496134
0.124243314996093
0.0955886941875722
0.126276046583344
0.121964473823824
0.235570553627703
0.0810680260968742
0.237162281666283
0.0840977583633983
0.0965516268995131
0.0881790725182549
0.0680425026567858
0.14828226930401
0.201353415210027
0.0959579200256856
0.170418508369463
0.0710769889950273
0.159327010358128
0.110658421002181
0.213558798933786
0.0830707303536177
0.188562260044135
0.113525768468426
0.144975103267361
0.0965173196700732
0.263710561559448
0.186718114294189
0.263014689170082
0.201720157357518
0.126450117162814
0.212000598538816
0.249027747387135
0.0796241241641441
0.142964374601521
0.154377638604668
0.210675261253106
0.114812609277926
0.163658976492138
0.0875847665961077
0.208354162353703
0.232254747378063
0.117745908891422
0.233900842299133
0.211131318024436
0.213421094820689
0.113098512468014
0.212423511775601
0.113247135558191
0.104661881333347
0.208554950894203
0.121448581561348
0.178050706313477
0.262656279994767
0.18098733161257
0.164440089335687
0.123483825286005
0.165493069452244
0.129431755218478
0.169195331911084
0.225310582444407
0.310741010957388
0.119159408813229
0.082106347893595
0.121676630406382
0.123500649976137
0.119652427712759
0.0639690571242908
0.10278200395263
0.189293046505901
0.191485585272863
0.278229123243802
0.169665116268234
0.20117902184249
0.229892034654611
0.182093796675338
0.105005738827313
0.160149341384443
0.132601847431507
0.136703964509682
0.0781829975196799
0.142283412440413
0.137372258125113
0.0901890273805497
0.204865558585856
0.249051476797813
0.313196567346425
0.183566870885967
0.079524707127551
0.167547355993769
0.153693110833331
0.253902861223949
0.134988728171046
0.265098641321272
0.13793291923068
0.0784762297952165
0.134143828555015
0.0872037226397553
0.187237184590943
0.164091255987217
0.127420776914168
0.127226024661331
0.295383649823534
0.0812086477162228
0.16792999646935
0.205554502829054
0.132030919240835
0.150630621568427
0.0915209558727883
0.156481403924911
0.19751939019097
0.119976233927831
0.205158413245962
0.10437225767722
0.165546719635404
0.102474103262598
0.21007427179062
0.231187050718927
0.275760932627744
0.0936429142859407
0.228770241857075
0.256960055760923
0.117947340266308
0.104451721739023
0.179245615216297
0.191158959623099
0.0878549286258446
0.262074195550846
0.154984646023626
0.12441064909679
0.0909706194094079
0.124139497585305
0.103851326748749
0.260637037351296
0.0764660882948224
0.0801171405015783
0.19768016065763
0.153227442907928
0.0954324845907659
0.103140833623956
0.106299987334833
0.136916019810733
0.119778252524151
0.191949056551058
0.195099784270502
0.242552842987621
0.151053487059689
0.180327760003048
0.124119564575338
0.0926609058298271
0.135052255073194
0.152937005157561
0.1116264410416
0.0987754754982136
0.113146763889561
0.156043006480673
0.224201115667453
0.173422917108185
0.130156518327595
0.283565689968284
0.187070993600869
0.161862041585397
0.201290550707512
0.138077585230024
0.204518965242101
0.185784987924144
0.0847225423344441
0.158893213354305
0.175399638572393
0.12526829587655
0.185570759320546
0.208166947979962
0.0894143485125721
0.152587636520323
0.289116529744177
0.20214162500244
0.13675716570659
0.172670438725038
0.0891180410576831
0.214257452365715
0.283005920183813
0.167126851000825
0.202382630628504
0.132020592317935
0.0725524426731332
0.335784620087816
0.164989873547174
0.0929100590903514
0.139506772315303
0.0808209623714827
0.105326149165157
0.289451392725256
0.213966269865766
0.145629085437341
0.151978366080958
0.0816073047906152
0.114129434499476
0.237743489172611
0.144015635991235
0.169352589170034
0.112137535273255
0.272330678683973
0.210136459961329
0.132629106718998
0.23122670054554
0.141263279391626
0.083291294854143
0.0973064706439283
0.0761141181782349
0.0736572939755114
0.0698132791873847
0.174131171196583
0.0837016835103019
0.127469130547351
0.095852187532185
0.112671608089452
0.195219390543747
0.225877261443627
0.0962904443097839
0.14451358825194
0.0924246721952268
0.137694074145291
0.18368592069361
0.174196906402388
0.161278922393685
0.168788938420828
0.148292241670661
0.103751450757534
0.135028374047737
0.230916753631546
0.154441785448817
0.195600820101165
0.067638550299399
0.114673213184994
0.0781552083309801
0.105284888666084
0.107858829423576
0.264132247225205
0.220263017355898
0.183625326328304
0.181932760855123
0.172803172363721
0.180289391827614
0.0826938988200736
0.155876864045172
0.199377316213964
0.168946220450682
0.134815350273486
0.198284312479399
0.191553586950387
0.25148284333359
0.27484776304902
0.0894918316895056
0.197678093161986
0.246917033967154
0.147155153492869
0.163623217794181
0.170102401396154
0.1874000409517
0.155298569340635
0.218252931995049
0.236646921398671
0.241563226055526
0.140050930772614
0.16231102779453
0.12770355846689
0.143086373306529
0.0926058351167642
0.0819637853495233
0.226132858823547
0.238978469499903
0.236663742094385
0.161461892051779
0.107067087685333
0.214368839112442
0.148409866003394
0.0880909415361193
0.119701857408502
0.165391572420783
0.219047485149716
0.206265888328476
0.144961047928157
0.129462186768135
0.183364236786242
0.195051316997913
0.159075178970104
0.119036800298158
0.188016286859791
0.115516211108986
0.101294725379526
0.127346433358422
0.127762714365373
0.145636405966005
0.245173479367503
0.157718108090551
0.228131112548336
0.131615759173604
0.125538952029539
0.0866991200084419
0.128182656042501
0.110742032329077
0.134911195840123
0.226294790832792
0.0889567352757134
0.110603735449819
0.200540270236794
0.158293886485488
0.188551342302657
0.17354464415014
0.132104230829841
0.193325243343573
0.209946591319247
0.0788945305371111
0.215533893259528
0.168876744516046
0.150465426400522
0.168917742160927
0.203438727108204
0.143037815532209
0.107150694576069
0.17449550270653
0.1483138523669
0.0910582846438491
0.154601776490436
0.155636344787407
0.204584021119759
0.0850611272619094
0.139411972505064
0.245070970935692
0.205820029388512
0.303489305705431
0.269142195778608
0.135675628045973
0.0814219140336845
0.10588084930433
0.212969001271133
0.116825379957103
0.201748788640864
0.113025233215715
0.312918945373204
0.242862291243667
0.0981283373526153
0.207037307624737
0.18405384136889
0.14964245675401
0.0939880336113286
0.189520525398284
0.0648583671854411
0.161481275608786
0.168512990202419
0.137995817494556
0.0731017534690432
0.215878604300934
0.246458757422674
0.315267079853463
0.171900745084171
0.0870468865958878
0.182969134908774
0.150267553032083
0.164758963085359
0.104787668693586
0.0654491125821716
0.148358202075228
0.117203479561206
0.173163840671236
0.102412612374082
0.105324452304603
0.0912707938874033
0.186796996905329
0.273374323834365
0.169625735936804
0.287438209469269
0.274191120375894
0.0746396013655962
0.1714281979225
0.0877668427505209
0.0739026568256525
0.191135609809031
0.0866549208189589
0.253506055036858
0.142537343911384
0.116522153219745
0.277566726062079
0.114021158162436
0.0858593105679371
0.191332497869468
0.240048570899312
0.184435143966494
0.232080428936138
0.127195838720192
0.11962384361834
0.166777930342169
0.126731645713994
0.258878798260558
0.114626299780622
0.11934432251182
0.137714211316042
0.220044182303327
0.2000160376719
0.0771173631497689
0.211816470517363
0.107890231030308
0.228014645330492
0.225220417347401
0.180170374653839
0.0970356853377506
0.195658007898194
0.251191986008478
0.158205404711845
0.141981893413522
0.286529613322704
0.149360933040903
0.169499296959314
0.215515523574156
0.17310926276403
0.151987281056096
0.0956196961354933
0.212030024883355
0.15937499900771
0.131118295842134
0.115203921098765
0.146119397471534
0.149374044439149
0.0708501813995475
0.212213227640645
0.118730911472512
0.125486500546585
0.146764304325259
0.168754691980411
0.200927635733334
0.154192458892567
0.165992595846548
0.224385315384049
0.154355326957546
0.236717442643177
0.213370041504004
0.189516967410218
0.149465252620638
0.21099713356166
0.0802139025144347
0.0913184858091274
0.208523452561354
0.25588460382113
0.113799163077624
0.178134962412302
0.0730725226845847
0.12278563805781
0.160459368662934
0.176350088843778
0.178804542308072
0.0983332995827777
0.285157757390063
0.152231919266165
0.292745499890007
0.154810801172743
0.145883460049668
0.216625687430796
0.286884233778002
0.181714488041662
0.185246853839629
0.145808069328838
0.108830548376353
0.173859881740343
0.229718078454379
0.221203947869165
0.183640063633454
0.152240877278608
0.179171882446203
0.179560371905425
0.0876041017016106
0.212436982811552
0.153895340305825
0.164487452625105
0.260107762013822
0.216143843260742
0.140668286115983
0.172702799015181
0.114919952232407
0.173529563471183
0.186445731778034
0.130185918417548
0.22408613033536
0.255804891853589
0.0964845581186551
0.218157050689648
0.145443533073749
0.0848565666879771
0.0982878385760536
0.131347929464711
0.124364171199202
0.0910124280237545
0.0837300422043766
0.137422034531919
0.0626302343551949
0.100808873025259
0.179928523792553
0.136692196824843
0.103095734168514
0.138451649358345
0.181354763989811
0.0957361850568451
0.330079510049743
0.148049942375785
0.0976591875737517
0.104462884950447
0.0751310489166528
0.0750310199525153
0.11487778127469
0.152795204631403
0.211732103612622
0.147917187257232
0.185874514942611
0.114072476109102
0.101475088671612
0.110204844031846
0.143209076307672
0.258724408250877
0.18202942862673
0.109350780198167
0.172535144006197
0.240688379012254
0.110187374724162
0.116314535364382
0.227721788258011
0.158711920760525
0.173534416824658
0.227830847215226
0.179515604864942
0.101104641994635
0.18528542388819
0.0987601701713863
0.198238255123844
0.143330624082231
0.119935468695795
0.2395519358242
0.0887606651994627
0.112877599693079
0.128412921428677
0.135672656596452
0.182560237337541
0.17962166035155
0.0775167457537969
0.152337177086997
0.280345508746294
0.0950685214361595
0.270171564530461
0.147652693500281
0.165611801956214
0.102413449633345
0.153205577199982
0.166991372753962
0.0993710058272239
0.229525824906702
0.155779430246889
0.122410428014415
0.0739235144115485
0.19686665093789
0.0867126841562175
0.229420728748917
0.166337550086535
0.10712068870665
0.149957378488092
0.214278408584537
0.0842311623134987
0.145734836467228
0.248004282698327
0.100693032674625
0.16416094885404
0.146843909895086
0.158644945276555
0.187842090488302
0.147012288455574
0.237526107196573
0.113569976197978
0.33200453916859
0.254868011664924
0.184915869646325
0.267168569204896
0.0932318057324024
0.142384127316958
0.207131358774118
0.13779285460246
0.202187736399477
0.116521159649685
0.30517949359443
0.15118698603115
0.0794340711308482
0.190246849446627
0.246486476665129
0.0757093071588966
0.223534188795112
0.16216090744193
0.267137168623355
0.076629311604997
0.121149872380689
0.130649200998735
0.214070812279951
0.277685638720658
0.184236391982587
0.107875995386575
0.146997300327313
0.180493852428897
0.222741981207986
0.185701149034935
0.153125944187981
0.206868023153135
0.0881414197086691
0.308164558784946
0.170164275846175
0.218868024500525
0.173310485999685
0.233051805460483
0.224539654568203
0.153085806306172
0.180075935946477
0.248326640441454
0.113468524695346
0.139386444982685
0.208529499522602
0.0856809585867344
0.0735116518204612
0.22410648248537
0.128719417632818
0.158397632148027
0.217245874931929
0.154502823441905
0.2056970219633
0.219132935018296
0.0907340628900009
0.332140526523193
0.133682714254029
0.118099108092961
0.0816211812385134
0.187574067754042
0.195416693426999
0.185688825089953
0.211601445210129
0.224095145647003
0.103039004096963
0.161053085930121
0.185513180735905
0.134095305207456
0.257593206951063
0.0863840956972241
0.190718893676437
0.194775334695673
0.113505260604282
0.120990254620422
0.125188639759489
0.254730770281127
0.184875648570761
0.156602628009275
0.187257041729246
0.29824348101026
0.121233118947279
0.0871830803804852
0.204464936977119
0.154899046215879
0.151371653088067
0.108891773980829
0.213510757747042
0.142941780158983
0.115311439925477
0.233252619917499
0.144623188918541
0.0911881127387481
0.189860875497131
0.156383607257722
0.21840707491594
0.111686647236601
0.129678398275916
0.179577513081944
0.0779308676200803
0.199817933709258
0.306384407498144
0.166977170450079
0.157115574599583
0.147782029707541
0.206039999045492
0.174207304153117
0.147396703836773
0.172237924484956
0.231531861932622
0.201440941692484
0.176492089727256
0.0860628064013027
0.091308566727257
0.0717197585780165
0.100226396108473
0.182166865305362
0.180905680501918
0.214176379934898
0.177500832552475
0.269241171355575
0.149081855232371
0.107925900809275
0.258927124857207
0.0792346285108353
0.0885021270029493
0.178220973009923
0.200633824380193
0.127734669988798
0.106828124677243
0.215508574660805
0.161082157899693
0.167610827237767
0.129538641963527
0.11540133336344
0.235142748879168
0.143685105497415
0.235791235414499
0.156594881080389
0.167768037292371
0.200495184497322
0.131703218552346
0.173156390451954
0.158293279164866
0.217478123253695
0.0805901623462316
0.217669502151443
0.133510772079992
0.0758971675512013
0.191756367952895
0.1405616825214
0.183081195381339
0.204552180591684
0.0677006510189718
0.225190769259563
0.0955206041237209
0.1767693418269
0.193779399405572
0.261972577875277
0.159099122217593
0.214025216395149
0.151507684328913
0.211957608199893
0.194436356822876
0.165735578294486
0.266650105989322
0.272357908194663
0.148417135638929
0.0737661003911043
0.176532944363538
0.11144574815605
0.0762223367102962
0.41089609234852
0.141233117151311
0.251234708092364
0.114009819725421
0.140054254220685
0.129624644534341
0.178206092708848
0.196220602292016
0.102818498956956
0.227644440612043
0.103538050509247
0.177658050109157
0.156487771767234
0.105384256040523
0.147699539097798
0.168317969586778
0.164016987339941
0.214977887284005
0.169482413840096
0.220505095432756
0.250632648117789
0.131363258658586
0.0886417438381652
0.113565558681521
0.132214577763362
0.09195745721552
0.103087576990261
0.23735148829986
0.14425752484054
0.230200641576905
0.214525004132544
0.163041478514859
0.224141505586614
0.127748776897143
0.137561856497961
0.21748117968389
0.254164954532464
0.128893030127748
0.287218276265609
0.28964110503595
0.157540598549363
0.238960773549154
0.124144701591287
0.138260055590554
0.0851735014374367
0.144150621851681
0.201101143519734
0.266751348667187
0.176486091666603
0.327283189385462
0.132720538698821
0.142369615561691
0.13214729539898
0.147203906990806
0.184444018856705
0.213886801995441
0.134069419762763
0.20258478938055
0.0717241825092596
0.232855816724406
0.205414143120676
0.28561297279113
0.265896424955137
0.0732308520787766
0.262455330267352
0.14319994284803
0.194852903507627
0.125204168950721
0.209373330311137
0.15270290542598
0.196403919169922
0.1413719831819
0.170302682372658
0.103508531004555
0.20959884305609
0.169632665469639
0.285092227846345
0.106526024309617
0.094023443273898
0.14900637608948
0.129288692958502
0.130761634466557
0.108599506866944
0.21714474827025
0.113091621441584
0.238697337408116
0.249550225174613
0.216994952410049
0.147843199454379
0.0979654299340824
0.23401458417717
0.120044931400413
0.119606511735544
0.234172386071567
0.142828610850732
0.202846680280414
0.128713682270479
0.0866564221178499
0.147872848269764
0.206711224425572
0.224893049535153
0.108426059342356
0.219946472200254
0.137232664095989
0.145191558893398
0.0815373841215657
0.107224415509868
0.153108545532191
0.176600842310132
0.100107138781957
0.104553529942135
0.169308011323206
0.135790637445598
0.209322708433944
0.10408382098873
0.0930675703084005
0.10515745237245
0.126280895794924
0.161687213504435
0.163915432998845
0.0835699185068556
0.115119313924342
0.0765648117618149
0.0812852122906656
0.176767006385592
0.16714248794556
0.121578860788082
0.249555660906066
0.182309858676546
0.215620530056489
0.165140162276858
0.198199750368101
0.273562423603177
0.137137833725911
0.234420921093675
0.12176631329522
0.0988782683703774
0.228314349098597
0.171793230852933
0.246897867859932
0.0982978654721844
0.114900340506408
0.197152252513342
0.186255157754067
0.152607370439601
0.129254641969593
0.149298697609581
0.105779098481435
0.116558315148932
0.220288837688021
0.265180764233485
0.209851235088934
0.276153903084158
0.0769860434862742
0.301457269113908
0.0884082404602694
0.0965545667031929
0.149682167948969
0.0868748111810263
0.157966234325325
0.092037775726341
0.0757763697203256
0.192609806532153
0.248634592006019
0.26075399343599
0.141702425876567
0.0890186436764515
0.152006326583644
0.0791227446526995
0.304538927842134
0.247995051596846
0.161223376036401
0.111779393535166
0.124453667850851
0.0767696585012628
0.23023076551775
0.174047507682228
0.106429021069154
0.217250967327144
0.108701004718051
0.11973925257356
0.10723721411432
0.126259122338229
0.221722978946596
0.156143056246885
0.0882468622932076
0.25978604970075
0.17210383270979
0.123990020447662
0.24766411720276
0.223305421798172
0.0927374901707454
0.176918382248995
0.0591871690501478
0.222310964733958
0.220520784506855
0.195921998723717
0.117800285403982
0.241828195638381
0.27484894623176
0.127408281826748
0.299108631060568
0.232414075960681
0.204091195578582
0.185386739574413
0.10815733635074
0.13884739831826
0.226337763150483
0.236459215111263
0.124841588993357
0.272860229547717
0.081400653651874
0.280726346316151
0.231650859672782
0.0988833282161514
0.163513346772093
0.101961941335568
0.199712520406201
0.247803000800986
0.12157903763071
0.0909729894254401
0.0954606361732221
0.13750289447462
0.0783771482789523
0.289249200158191
0.0750840293565201
0.106067300630483
0.152410908764813
0.277814123066971
0.161785485010929
0.0815551620250893
0.178932756172193
0.0940714867184545
0.186486890431195
0.122621264567201
0.214715561149936
0.122354404381647
0.206438422909913
0.193016257418822
0.306467297639601
0.11484858924938
0.130729959379604
0.244800052473316
0.158017315475195
0.208351361228111
0.200999005171947
0.16522280046545
0.223627231984559
0.102454036994653
0.199116031480029
0.148134946624792
0.258958906359849
0.259763318980338
0.156863488362619
0.0965744348612083
0.210818815615519
0.0849520295393135
0.17764470163201
0.132340419672521
0.110698757065161
0.244872352298642
0.130930622521939
0.248536694299295
0.319418930450994
0.136511052050055
0.337736888479564
0.0697329972261108
0.100870779144275
0.215763627759046
0.164253310694669
0.115975487606905
0.155258710743341
0.0948859439011202
0.114089368036077
0.18536429111777
0.231128433883584
0.14684097322777
0.188468743731036
0.109300060545389
0.0776417798445306
0.130862418454765
0.151271037398272
0.182498860870614
0.141236410517939
0.10261914825077
0.0962747442648749
0.26059991560107
0.140975022246563
0.183176091326331
0.16084057437983
0.0943225309705287
0.148479629537169
0.116757941503664
0.361033086544046
0.137467170614145
0.124881448102795
0.287609761763159
0.184240094864308
0.096008043780765
0.16366963365865
0.133004239039874
0.130353366074426
0.12750354242296
0.222123177784877
0.154034155124372
0.0791423097302334
0.238103208699702
0.331673808311421
0.166445034149149
0.176694850627834
0.155597496963147
0.0778554363270964
0.245227087583779
0.0960497452456861
0.190142707158545
0.0699550331482474
0.0681821334301039
0.206029281807985
0.168185459671383
0.0802406886226327
0.281569427885761
0.182664658298513
0.256407588641353
0.152809135889225
0.177603466893705
0.0799690282656794
0.191507609729918
0.144253400985377
0.156592497069455
0.0966595214661377
0.228749825222226
0.103767736756614
0.276799700888936
0.13810795237285
0.135049432602514
0.100415598807451
0.213965591488224
0.140973848541402
0.241297605527065
0.2680200335509
0.0909392355782179
0.103244150880452
0.126306447621067
0.270408696190329
0.284603485125354
0.0960765199725194
0.200578159931621
0.143384128453907
0.111125774029976
0.137240876267435
0.15226361064609
0.110040702896302
0.113606513193538
0.154367549568307
0.161714714895573
0.121059468564937
0.122031648776683
0.234454949821092
0.160457948642356
0.194504039391908
0.138757357549841
0.190065150969032
0.104925424584054
0.0894912865559197
0.146922336170882
0.104539313393651
0.118631296345734
0.199703338452532
0.130362739852321
0.0894652033648489
0.250804698861268
0.164884688812363
0.179961309346887
0.124178161319371
0.116545603994875
0.104121981516239
0.0988409563873466
0.307391178443412
0.226995782462405
0.0807843625581621
0.16712543829776
0.210831260801999
0.226734842268801
0.138089848724524
0.294481786225226
0.100517519733258
0.203814884444167
0.363669014783032
0.0802350962187239
0.215680799241366
0.221624551182727
0.071026759951874
0.104869094459019
0.186157723211957
0.0890301731540224
0.0920602628643717
0.155114976865973
0.257793091783724
0.217243682089243
0.324972818210174
0.207704536339273
0.176612658226601
0.110464766140332
0.219157231082541
0.150663520962495
0.155058829532068
0.245488593051489
0.11030958653811
0.168727942786228
0.0898261881928684
0.105167992018936
0.182399208110016
0.155728015543302
0.107285903648941
0.095986270367978
0.0972882134694641
0.179257281699938
0.323618855424338
0.153664632325699
0.167742254373062
0.227720726785478
0.127015947318961
0.167824497678027
0.223585955464275
0.102247690576193
0.109283639537161
0.309742850947634
0.118834271897962
0.174519525813858
0.119244103168612
0.0955549398628153
0.152499334229278
0.299702546444542
0.199240709227793
0.172769334911662
0.197975526815831
0.109257694283004
0.109772641645589
0.211025039873099
0.219352611828009
0.183494083729571
0.292320824899324
0.191789756419486
0.152871430879341
0.150878860347727
0.278475422867878
0.12850624073092
0.0924932322897556
0.20307502830671
0.167729570275001
0.152376139627374
0.225165651091305
0.145005954597907
0.224581908290245
0.173470570493185
0.101137212636966
0.293418373133816
0.253302173113683
0.11351662618835
0.179350228579599
0.0866681662774466
0.0950352980133786
0.190702577476281
0.0734015496896393
0.170281267295517
0.335920115028853
0.0868250363659356
0.180258391569227
0.203861432600864
0.160470685200952
0.188249469231656
0.110448750354907
0.178201023265501
0.139389527752387
0.261942815990295
0.321690516536855
0.0917094905660317
0.267048085106129
0.194582798141779
0.10400272249366
0.26729585511391
0.0950203021089845
0.310394841737904
0.102075225901091
0.281961987073395
0.159987608690622
0.16225824960908
0.222203930891282
0.191258454414313
0.0819824757058386
0.140446878600963
0.166231120662221
0.0897045622646196
0.183483145948533
0.194555339944937
0.13120431399944
0.0928732312055221
0.139369928978319
0.126086184439916
0.113698578117668
0.204344947371454
0.244727980940251
0.146342267132
0.106586038847479
0.157583665680754
0.211494999180857
0.133790927620256
0.153233372667934
0.114749581333625
0.283622892167367
0.182963725231189
0.103831993269524
0.148032915114017
0.0794435459327069
0.0942819819344634
0.080033434804379
0.106708076048185
0.128982842915647
0.192329286171361
0.160617609110188
0.162998833989653
0.114873502517513
0.332852052956543
0.20250811129378
0.261602866934629
0.127631649700417
0.128110895336121
0.127444443156442
0.287479187884061
0.131294520798798
0.139367835083961
0.21277752761765
0.335154974924241
0.0751915548586125
0.127001005370906
0.0900470934947505
0.174886564796232
0.0969449628804474
0.18630958725932
0.282432551555584
0.192352852880849
0.198181661607508
0.111201615821983
0.363137498680287
0.2739466796459
0.219741761430172
0.159116667654258
0.122551740194181
0.0933842524167802
0.103669583648308
0.180770378147264
0.215334556830899
0.238862705652537
0.129479994834811
0.228185845858316
0.184455696355596
0.0914292530392606
0.223134851001837
0.0916711304938598
0.233425349902169
0.209645179311294
0.167801255077638
0.299468951166347
0.302247935028864
0.0809707728437718
0.321057023173462
0.143198463927005
0.0763451264592115
0.280410771594726
0.209898729972974
0.0962311714106201
0.0789053118663787
0.27908811105787
0.115501737632453
0.134504216850343
0.209835927976675
0.270067708218685
0.207399158302148
0.13598938510792
0.324417709333645
0.147849589004399
0.245887756744141
0.239587683977159
0.172418964281601
0.267595231982624
0.133924460821861
0.145924585706003
0.238090704303832
0.162314239264081
0.126259000149663
0.367045006667814
0.213340567474357
0.104653790761178
0.276638197238474
0.148594988819378
0.166000028004921
0.114096429227923
0.107063775437798
0.228280587787049
0.195189709434365
0.0833651231734932
0.240514470195387
0.121301696180915
0.235195063440924
0.172271736075686
0.234976027561742
0.165806398765888
0.107281790127149
0.144564706047704
0.324970145411991
0.187744590781602
0.0937594069009734
0.261833591687779
0.194746101567951
0.225743868446564
0.175582644318215
0.202946565157254
0.154574872782384
0.188091850823402
0.100881817786241
0.215535779976404
0.340182819361997
0.194982347882244
0.19061102221768
0.0894830186246935
0.182060167419608
0.290841572250865
0.0962115218670329
0.0743350330621806
0.0627873821523276
0.0840806369600109
0.12218167434915
0.156221004138071
0.20269141152418
0.0796710142039735
0.213957404780717
0.127770613197042
0.194519374260899
0.221322574107314
0.101494253791528
0.143425522110266
0.166031657735786
0.140282637160262
0.172490814072715
0.0811550416421428
0.205328930108584
0.19065893403311
0.12109316734308
0.273023823617134
0.109331296957408
0.156534165463465
0.0794564378404303
0.283034667481442
0.303807753620319
0.126555206178379
0.146023235873811
0.154210629215886
0.155777545019085
0.219140257454971
0.176763008539657
0.250196488899526
0.0694040048580921
0.364667539367534
0.115800693094784
0.151198600549263
0.0862801597829936
0.0996177756176363
0.0781322931098225
0.136161672167254
0.157649855450181
0.204452357123345
0.122755018853454
0.0850035115433252
0.247726041671191
0.249511641503193
0.134440756416808
0.213515613232947
0.0868870754182189
0.124521236158454
0.153844507144458
0.228697069087689
0.108450753319817
0.162478959522271
0.107718494424944
0.103210037454319
0.184128250629964
0.155430921263721
0.0885931370944517
0.101423655308691
0.100843293298635
0.254863978782725
0.313787871690158
0.134446243152325
0.235628099150862
0.156332497557837
0.118271781284034
0.125043339752726
0.0754619306304798
0.208622035823432
0.0975842648243763
0.138424352133468
0.0785456217571273
0.153722147612992
0.193212724101339
0.183279680639276
0.246454757787439
0.155708097591079
0.110851405297228
0.110594128958333
0.116268735792095
0.12703011915917
0.235181076042691
0.176843277546612
0.22016311990319
0.127279170399873
0.142070855317025
0.324311783519913
0.0972281147995917
0.112376256347288
0.112629772765748
0.206729411607984
0.172088353359957
0.1157044036843
0.0857027083446192
0.179622594245976
0.135369295404194
0.123923657368698
0.131905228124263
0.21354303047851
0.0702522608517422
0.312926721401692
0.161011911587092
0.126506023749086
0.128240877664568
0.126189979831453
0.165324706686321
0.259786825201613
0.141143660411188
0.120714245051306
0.227730447454781
0.176121347043335
0.307105757410713
0.252845334813919
0.0668627917131975
0.25178509491108
0.20920144063462
0.177418510567562
0.110698106236359
0.096805516444814
0.0706586642591364
0.116498802582226
0.114269406589182
0.128081075916154
0.160549288404232
0.186283080822293
0.110254673808494
0.17147688050965
0.0800739740497296
0.150193432888736
0.166883042833303
0.0823583690662145
0.1550596981126
0.0889013292832558
0.0763643413330979
0.267850506062835
0.117867953003651
0.218711412325271
0.157316411909199
0.0987862036168321
0.192087238742305
0.16203209249162
0.0703961582297601
0.137788367784078
0.403995780969527
0.109053156160779
0.129196472584839
0.152664318013293
0.18762298992781
0.189453978900453
0.116996825247376
0.322437582712298
0.174064067165042
0.0729264922789086
0.0816655491144913
0.146021872366597
0.0753438332844219
0.0768424448921228
0.351561271295117
0.20145162586159
0.248828185829549
0.155944269546785
0.163400283088448
0.113426256198418
0.297869082277177
0.223652616711495
0.144197679133619
0.199144545711628
0.221147398083475
0.31458190590502
0.185660110566031
0.140807603515334
0.275733329261146
0.072819562512602
0.169000821056173
0.129954668282295
0.255449603817917
0.137840218765351
0.077897226756558
0.114328556695809
0.139387564394862
0.226986319930566
0.269670452074618
0.160089879576504
0.138254984123267
0.18208403654825
0.236937054022992
0.0848853244174171
0.107384497885697
0.161189803416481
0.252323147461127
0.163037442066066
0.150422136308085
0.305557462663189
0.133244910775864
0.147849049446636
0.155324972909522
0.128270997304909
0.122492886967237
0.268684094892106
0.169227714193806
0.126161869546219
0.155002742193364
0.150125347434625
0.0888298761976369
0.240352934718872
0.17410879894919
0.115432423905787
0.193068083745198
0.163055475897222
0.192812272842243
0.0816946949231296
0.0756230259522478
0.128345931261534
0.106359254468081
0.106621328161162
0.202621460249196
0.0881566288607256
0.0874723946582264
0.102830891206816
0.139994057632222
0.2372443652553
0.25110271692402
0.239106788713896
0.271328147730729
0.121303397728036
0.202091237232838
0.212626640373866
0.345013452227826
0.111926149904195
0.184971874707206
0.140795398242789
0.148964271384767
0.286363084768022
0.199857816696232
0.267215655768876
0.11810327253217
0.168137448446598
0.0916798295580289
0.104565040909719
0.108467014670685
0.0767663541016222
0.0881420903320614
0.343756542461183
0.204063788286935
0.078806504945082
0.201763633807605
0.195607116698505
0.302715843849828
0.106517973943366
0.168041854378376
0.166284676827959
0.210378456793376
0.105913753121132
0.279675313470494
0.170228099697696
0.229732770539775
0.238583529156112
0.324286918917476
0.264819342928534
0.191011589814249
0.0903492294965924
0.248899069421965
0.115243177185771
0.110004059773807
0.156668287018076
0.292557948421692
0.0812004194220005
0.108247840763102
0.123542836800203
0.0667100144302172
0.139272491142481
0.228667360209709
0.24398255920583
0.0676828879874431
0.124361305784515
0.21654100115377
0.194224903508181
0.198201188190394
0.149913061463514
0.09175879300735
0.187622084424888
0.0744994550722064
0.137659071207896
0.186569274498166
0.0946514596337822
0.159618950629034
0.109158059815541
0.114645728285364
0.156176453873062
0.225428748123816
0.332908551794994
0.117401888833014
0.150824348393281
0.197211319291275
0.101691394537092
0.12462746037893
0.301969304286339
0.272557768341214
0.18264540343666
0.357254480703881
0.0991623138766368
0.0919782224947862
0.288793159380605
0.173555726636716
0.112966856124408
0.233066321471452
0.124874126877698
0.10906527955623
0.194742522527049
0.143307801240155
0.310202070869737
0.203073141936379
0.335515835808192
0.0804171483178644
0.211133997106292
0.228875124682929
0.157447906975001
0.216845892525044
0.25593290596276
0.133979728506693
0.184016300111135
0.131447647558354
0.228957821576939
0.143851275796414
0.141772402565892
0.168130408839427
0.117232188855382
0.185828443241274
0.355074147751059
0.2769193421832
0.0930042955259657
0.105341536808095
0.216084437597268
0.245912403319771
0.0887190962820571
0.0992476163251026
0.153185375853563
0.154176625042035
0.100773697209186
0.13062617350368
0.2000493757548
0.235646530252764
0.159742284533214
0.0919527107069044
0.328754716838701
0.214456022131152
0.153232774103687
0.0760575873426673
0.223934793619892
0.119539967660454
0.103084973879244
0.0930693683626383
0.206916431613812
0.12659804788341
0.155445647144639
0.135406889303737
0.120212535482852
0.215036238455275
0.281774101276092
0.068539937489093
0.247399479775286
0.193648091870371
0.0985216282773001
0.135069009439195
0.191004360112925
0.147164989059921
0.086449159356861
0.192161223732985
0.11040545048434
0.133161368144258
0.103173625766653
0.203548414869033
0.353191210990869
0.155255660207628
0.116861177076394
0.149804908405009
0.207699354029146
0.181831397525231
0.248123360618594
0.193035198086514
0.139560968400356
0.123495418120443
0.361935364105203
0.17958428716307
0.296116323629133
0.127752464075838
0.189785648628692
0.0886835278706877
0.210121837457707
0.137789965434054
0.203113758194148
0.147222461843366
0.307096005729242
0.146803379105687
0.189434028093771
0.222943499845618
0.194205637523478
0.29706584118181
0.135416657168856
0.151597135701305
0.183917546193806
0.157690661612843
0.126906076298704
0.317956446015238
0.0845579373706732
0.195402171464143
0.142968536436929
0.106780496977054
0.187559862754694
0.089432597019745
0.260321097379471
0.0794140955514575
0.127414880779372
0.145320640686064
0.206106722429817
0.101332217091803
0.138950684434993
0.131078289546467
0.152945381220848
0.16955916048796
0.12465208570118
0.292360422615606
0.208108741054596
0.328896078283819
0.151813559280662
0.1316744817747
0.104755653037046
0.108400546823008
0.168533386005823
0.241995016344172
0.0839731058895064
0.163554449948042
0.106173719044938
0.0996576097516503
0.116429215130871
0.10542748452749
0.0919953328960198
0.189012850753875
0.140024638336667
0.127615240277426
0.0836997596122004
0.165245501807058
0.0985258781423112
0.098691692653178
0.262589460846579
0.0767260792796482
0.21090217516346
0.11865410588562
0.119939491410849
0.17874336383686
0.2355856891624
0.104847213464896
0.116930450019819
0.136704384633484
0.107014148352734
0.287780847218107
0.104955869488724
0.126430656653135
0.0794058174433881
0.164633501766312
0.169717871380947
0.206121085848076
0.132151893820801
0.306971851426752
0.199844008132634
0.107774637265715
0.11282762337608
0.120997886726789
0.316298892421712
0.132842244119905
0.117060493865614
0.226223935025683
0.19912844871443
0.423778213127203
0.225546164616709
0.0619456815232455
0.24500041700617
0.0740234949682648
0.444309841844794
0.286709306074014
0.18777637020458
0.145128200381908
0.265898795509669
0.067972888342201
0.144652083909043
0.109585817263514
0.0990101593800682
0.184730025694071
0.0986440360266236
0.0747036054295356
0.103730678038958
0.0928921554780143
0.145432829023516
0.122154213062877
0.286749404446954
0.210747897303409
0.160242000700938
0.112485176277933
0.22825582633781
0.291627168138294
0.113630701388813
0.0880477289791854
0.114308734356978
0.114450037507564
0.112015737110282
0.28106601326733
0.209703892416081
0.270878785608633
0.139076318579447
0.121305478825181
0.235480284175331
0.18723725378111
0.157345686684768
0.18261352755298
0.22186484661219
0.200711488911449
0.125590921125042
0.100037485478212
0.396910612925312
0.222733299794985
0.289906773220706
0.108255274917197
0.235007212483475
0.215456801657454
0.07130195787547
0.112290825752406
0.0963709596909117
0.114807506938057
0.273403170815998
0.127961269919045
0.181641948951922
0.0767186368678236
0.2988846518767
0.256936153577998
0.159703862625971
0.0909425055885841
0.248432102342745
0.197255692776298
0.248441827604981
0.194072768022123
0.130957293910462
0.117713350789635
0.108366137687488
0.294185877829087
0.19511626240834
0.167845553905036
0.149075995584028
0.161199927261691
0.0889675014679294
0.273234412673467
0.174569010322858
0.307079194494753
0.221816682496613
0.174492746472989
0.132273999370181
0.359987133290627
0.309348586475497
0.149006428378699
0.194775071509936
0.265161619244915
0.205460085970013
0.264079001523835
0.123626229063098
0.129863149575605
0.110898461462062
0.260799670492394
0.130348666834278
0.281337645793872
0.160382738220909
0.281516667874706
0.220404798350336
0.10878394520864
0.124251065708482
0.175648096509376
0.0729697584744904
0.151880116329418
0.175723397250746
0.119924313317689
0.21258956160245
0.0841678431123274
0.14710610032145
0.220914565398887
0.410144350253645
0.149436913726469
0.320242449031467
0.0684570678167663
0.14851271580875
0.205264698691415
0.115160098979113
0.104233914054819
0.159334822231009
0.0899595231150451
0.240042604162729
0.243585020395783
0.107280837305736
0.210050530299434
0.116493781163027
0.152731681465648
0.0676712963724833
0.161511623172108
0.0884762646685378
0.148605645074259
0.19103704912118
0.213663224336836
0.0740052018238789
0.281509718578058
0.142486683829933
0.155549811161661
0.238343121684012
0.134016496582188
0.270458610463603
0.171357998524847
0.187185282040396
0.0633417412809259
0.287386026597485
0.148367512726785
0.282201926785596
0.364849055078238
0.204070366328722
0.125546862370522
0.135217026464914
0.158327737437541
0.140165474264623
0.105737428152012
0.100007202790804
0.125153038731012
0.0821141760336885
0.14636216287492
0.0803379721502711
0.0648017802158877
0.166141163734435
0.108740682764272
0.0985856166614095
0.183355816288448
0.202610495227256
0.358889897133561
0.0613887591517778
0.162071495519164
0.263261262124925
0.181496184717372
0.183255662544225
0.245296213343304
0.23802859878013
0.299963364839766
0.345116946566096
0.0988878146899463
0.157887534749171
0.137087267817513
0.192982229079118
0.216480916391845
0.172343986079617
0.227477074535682
0.0822268761890774
0.345544873337772
0.0820264463575952
0.151498474677597
0.178225802731588
0.0824783162380366
0.127707309522275
0.139544160619979
0.21953138924079
0.351061604268403
0.190782768087306
0.24029589074308
0.0959908740828853
0.116583816242496
0.162014896756504
0.0854644921040949
0.337613848839425
0.342732609750702
0.115727562365058
0.172306453527108
0.17348234406053
0.214108627257281
0.104365294624298
0.0813248562592363
0.0819452790084926
0.119714671467157
0.209263303268769
0.156892151409767
0.190609733752064
0.0938975395650891
0.098565361679508
0.157567434731313
0.0790686808935143
0.284942896443456
0.108461966624838
0.142870323608487
0.286672880375355
0.0899248787965111
0.192643259049866
0.0582335078874242
0.242731829335074
0.105276090661108
0.239582920460358
0.094476835133249
0.125720501873832
0.165937797138112
0.195358141258391
0.191765952357291
0.112049696186729
0.254968031524942
0.0822638626643004
0.179632539325451
0.202221922443747
0.211312049075349
0.255691154239525
0.247926383701245
0.322044126224145
0.210393290972934
0.153601610001569
0.0993482988201011
0.123723087947689
0.313316590682772
0.194316890354722
0.210766221698851
0.340852575273333
0.261313244477104
0.144374359636366
0.199165702763676
0.112377790186917
0.0977059444949003
0.208776811892263
0.0822166193422839
0.199135878686623
0.143077888439645
0.31970096569939
0.141696251097969
0.153637803498042
0.179697940480029
0.138637126857464
0.325156331943027
0.230846197903978
0.098402081285459
0.259764165812826
0.0897338998534488
0.198905342021004
0.103020036443263
0.227743711905797
0.131668172701745
0.227434127468839
0.144134342828208
0.197193483898267
0.298633935726566
0.122621984406155
0.20009845842575
0.0754039374098631
0.30453847384275
0.0723770949542916
0.197494353209932
0.116698685884071
0.169879371400442
0.25362300927848
0.284092698482173
0.109965036479802
0.219182673551963
0.251619288526324
0.152732631627929
0.135661668142473
0.152401551648552
0.127837106672084
0.106628952751447
0.273292806727339
0.287201300946839
0.0825542639167977
0.190045060314629
0.0909330037756475
0.329346435585195
0.147248217677545
0.1529935148239
0.183714259984971
0.338239778423713
0.219597501733028
0.388099295281417
0.154303086480256
0.158020301256771
0.180853554108899
0.170416111200821
0.156320131527476
0.180886803914667
0.288686544712309
0.164146477350442
0.169996002396709
0.230440887288277
0.294049992789163
0.0825715293453507
0.152677588937742
0.16124624083698
0.259327770723959
0.191379759037646
0.158437300597395
0.0710754125236248
0.107059496212359
0.0861675772359367
0.184076628581779
0.105035584922043
0.11436176160171
0.157125210854867
0.281395692260538
0.352006062470732
0.120905220710088
0.109074273829552
0.209848370692186
0.100823175641301
0.194989913646116
0.271863451022813
0.146928276880738
0.220883776101537
0.108786171026609
0.248327959747567
0.122975588334691
0.119565946079385
0.188894707252082
0.11097257125371
0.161425722985878
0.303254418078882
0.300830753526061
0.146217347363445
0.236283375717348
0.207134256132444
0.178626944049477
0.128331632946801
0.0550472936468873
0.184055556197818
0.32237566190667
0.117859378575401
0.122566508650791
0.0928022034441869
0.136570309927206
0.283674903522263
0.257974688280215
0.36711827539599
0.264916576901161
0.163831180514085
0.18325169177172
0.0972120166525005
0.166877221057989
0.292600513925246
0.193405581679349
0.105388380302984
0.0999208898606502
0.12251584972656
0.159669200832119
0.338977152185769
0.176941835257361
0.209337681237263
0.1814100322022
0.107660475491484
0.2331228602988
0.217052679601436
0.129277014757131
0.211729226407332
0.154316102127997
0.180990726206983
0.195975873631531
0.319648025816148
0.110659410244811
0.133679319596029
0.110826754310141
0.0814071609031568
0.122304577750305
0.178852488251566
0.0927020742050658
0.200207878093241
0.153066424786446
0.199674463265661
0.149838246285898
0.20327894870685
0.152186321776129
0.174328813862915
0.229598326295339
0.0850769925714274
0.190617718852299
0.0665061717360629
0.245336123803306
0.190814214726631
0.112975449646792
0.17146795379084
0.112392976625296
0.119031732734472
0.133877360423562
0.127519897202421
0.143510160460758
0.215353885976278
0.188101392363097
0.149661445690577
0.198370869397736
0.329666286155034
0.233670336060813
0.203397039984334
0.17643911887665
0.121594574544278
0.0764581651123775
0.151341175887264
0.266655589226042
0.116135044972764
0.162610944494018
0.138648866199625
0.162925150786518
0.10479554028448
0.0840907839491368
0.340604132252315
0.11613549649081
0.243385676777751
0.302928954412343
0.196566908676587
0.245792661884445
0.182134262279911
0.0949309810603452
0.152194287723869
0.0830689897488413
0.279792819639691
0.223417337115366
0.184171624697911
0.123722021115125
0.251233627328963
0.0769847143719671
0.184367896334845
0.0918335158451587
0.299168171735881
0.111074285098432
0.421647303965989
0.277704492094869
0.160339714683307
0.0683096411071982
0.113412946591912
0.113717005985178
0.107700535458755
0.192762286139277
0.217641208897465
0.135417169200716
0.176023608069392
0.458548566868639
0.207584155213116
0.12719692474433
0.090865541135094
0.10993013832803
0.0741645008615528
0.173921361090304
0.0776496565415988
0.26819978467884
0.118894027031865
0.136281470539625
0.0975053692987324
0.19514405946107
0.0891025177034921
0.0829451646961231
0.132069883319542
0.150264618679388
0.0939793783174071
0.118565629906983
0.0821248848109253
0.260470013146536
0.300023568966501
0.118005973343796
0.221854044277324
0.0655661473358301
0.114440231918189
0.0709259120491355
0.106962722529954
0.0920921261580588
0.137088636260878
0.124834993141117
0.106940011932749
0.0736994084629965
0.252955436848535
0.349135046445052
0.337889607435961
0.149665195984678
0.248222916944244
0.221910360787159
0.14964731284623
0.321669189167773
0.226940545502915
0.179248398139015
0.116972587832497
0.192699253737402
0.296639175466845
0.115380118848699
0.146404154701127
0.243450331301112
0.199330076852076
0.141147271741853
0.0592221337372179
0.103574357982605
0.0853468263122073
0.108437706577434
0.191046724719188
0.0914742052778528
0.12244337070263
0.115795126503165
0.0895426559011079
0.167195714640964
0.122285405100788
0.0828513865184085
0.145967289826426
0.257541032400574
0.336409849123139
0.268480159103659
0.108748096708491
0.331301816704084
0.144320745720524
0.0988340963327576
0.169839701553353
0.165543650918723
0.145690773152113
0.142658736642841
0.114645774266242
0.0874057681008155
0.29672891200083
0.174116667526724
0.306817233732844
0.107328068432359
0.0709628525891932
0.250939852283772
0.0832477072365522
0.0674290171632918
0.199880260108963
0.158050822607576
0.277072861839087
0.146451310433377
0.148333832884993
0.157923337006012
0.121876061677144
0.154529530578261
0.328599563243157
0.201134113139851
0.10356496462432
0.151335756781234
0.192888713443567
0.125291488231105
0.302897833051213
0.24059226308689
0.165853137607378
0.09446605568952
0.0975018087980413
0.0961763234217848
0.175934258540992
0.103748318038361
0.0935072778510629
0.113908039100786
0.13886106425141
0.113644179451554
0.0941482026950536
0.134787570907369
0.38293424110038
0.174344617301265
0.0738055294495745
0.307075611348291
0.101041148254378
0.123519015067077
0.0935596358286214
0.242719484559907
0.0990480168529442
0.238403397306536
0.090151462220525
0.238394512910092
0.172141673946
0.17179481694977
0.310435356415763
0.214505966723127
0.154295230169354
0.183925024074484
0.147856094537564
0.202656988255313
0.192046205023139
0.111124644275336
0.0955129008138575
0.207043922363785
0.138918299007595
0.268706522916396
0.211736805262314
0.316840813447632
0.28821641863113
0.178674606578191
0.0649723389522788
0.0700748170807408
0.0896499359667477
0.31443514916104
0.190999684530525
0.341718125319601
0.213010250381696
0.340043406873671
0.301394880865139
0.191715741501289
0.187070975915585
0.201785723457739
0.206794394147914
0.183401272542988
0.110674655232952
0.149287629566824
0.128938419759357
0.113675373102904
0.306674526967344
0.159487848459906
0.254173376165276
0.106212892412978
0.146778519733328
0.283491345248996
0.158718561340434
0.166840106619261
0.102679320184637
0.130298488753426
0.166688297142072
0.243352695301159
0.269474897042506
0.0797748687814087
0.195422661053321
0.234621112013634
0.0927664615654587
0.0823238207472254
0.156756643965599
0.235402604264939
0.282992184871181
0.16827728570856
0.16588903898868
0.276577711139566
0.114257230364953
0.218829548625999
0.115206309225629
0.071745363132197
0.179373109652063
0.236549393884391
0.152283450285103
0.199984161897947
0.163539851148534
0.202849162476721
0.130792660586053
0.149869412241325
0.415155332113846
0.0889682351623533
0.175184349634765
0.067754945122014
0.15007591767283
0.239455558550098
0.303116358378802
0.227937403849128
0.153150106566641
0.197891343496252
0.183073351374364
0.128418768907939
0.109353683246938
0.373527006489139
0.173765145467153
0.13113691896535
0.0776651053715892
0.144337311642438
0.406905404363392
0.18624478123999
0.163948741177322
0.301790717355627
0.0875336464375758
0.26816674767645
0.180768745598719
0.158388283463846
0.154376477806611
0.239191408661809
0.307090723139812
0.141280522577933
0.147697620013881
0.225471548459852
0.10791052930834
0.12145415712033
0.0682097993256949
0.0843832738903273
0.167607988443914
0.226821926844119
0.168736496758816
0.201887065569276
0.329595127095037
0.077913855826444
0.110816424327222
0.0795414726057752
0.182801939325151
0.0715961913146447
0.181139849751758
0.124281851226581
0.0766351325903034
0.154994062268746
0.204963772877211
0.128074191951124
0.405687904560904
0.208001006523514
0.314677249815079
0.162522920661092
0.0969969231385713
0.159461809605818
0.0811240344439925
0.124119553456019
0.387327743266018
0.230395163849561
0.299701393174809
0.204189794937921
0.150086973244551
0.344431018068504
0.242436535922526
0.168106193643995
0.0995374808646031
0.273099380060602
0.130612995852788
0.264890349467127
0.210945952783929
0.137197135458975
0.0943740547532393
0.0889920124282093
0.123186102946492
0.291493311975947
0.261213256268979
0.0837864781439304
0.271431615248182
0.197613271239979
0.292769244364676
0.161429905466234
0.167694665543991
0.12874354275392
0.175080785861175
0.071304037399819
0.157101755618935
0.159535217915629
0.39776449025172
0.241938469582818
0.0732946479085964
0.362966839709975
0.189163929900305
0.0922109727635451
0.109366375708222
0.373992831980576
0.0981685714791521
0.15323054470907
0.185766166455805
0.142804726642513
0.143143066704287
0.199609247760072
0.0847507978587457
0.105126903955201
0.184188240065824
0.159984895058177
0.178708523012897
0.0647698616563133
0.0842294314999635
0.111672300089667
0.178405202422786
0.0999871400292376
0.191896542468368
0.168338763166952
0.0910901848632784
0.120561889853948
0.201201471600225
0.118368773861101
0.162950850182726
0.149680218064313
0.219253888858556
0.155038461437227
0.0766170729963763
0.240970350526396
0.255449655906098
0.179151298065751
0.0844351315557837
0.233188867853633
0.169982146936929
0.165925179930594
0.0837330620017259
0.187439226815981
0.161922866832572
0.10329183386839
0.0986301720059144
0.161625278324705
0.124074937016876
0.19492647212073
0.197884968699399
0.102194221607214
0.105918649165978
0.105987898781202
0.0914986033245463
0.187109327509195
0.118745072270586
0.186325550679743
0.113404431852895
0.219682632961018
0.146778519733328
0.129071798785828
0.203288957330517
0.134276441109013
0.126876310619725
0.125753560004583
0.285482712104054
0.365521640376449
0.114166762222556
0.249014733093864
0.230810327766405
0.166747326001865
0.191169665072546
0.0885369814149987
0.111686406225932
0.224250638379087
0.146005507570553
0.203111737307037
0.124383367351807
0.190617047142427
0.072695949498582
0.310552881226133
0.0715144618242804
0.09915547133075
0.301706711755145
0.0996094842642588
0.1021766502932
0.0775572476168294
0.0785502994120378
0.163812309425247
0.117163949707598
0.23152383626328
0.100764846685478
0.0923723433849212
0.311058850736638
0.116196325114155
0.151229093977627
0.365215981062912
0.296164677723577
0.193468105870414
0.212019097544044
0.104110717232373
0.185233597342031
0.143353519301512
0.19091768856103
0.15147220826844
0.146613743282006
0.101407226717223
0.209000789094831
0.0622211983436005
0.1169945778883
0.0933902169503808
0.103351198793488
0.285430218219628
0.140864415628161
0.0617951014860405
0.142683246139992
0.124889807528109
0.0624808111239464
0.128610909921675
0.433548335471658
0.101922030385351
0.20993285008856
0.207658050783634
0.0943760112032076
0.138508902443323
0.151539379750094
0.121892131630108
0.190391019281345
0.236565091320769
0.178257316479992
0.173512898041389
0.303420568900315
0.121191654350679
0.108336862608747
0.371710205593063
0.0958118174672816
0.156661604810693
0.187544628018023
0.348377511468398
0.138318726083936
0.208462093798906
0.219294675494517
0.199779867675231
0.187890604047016
0.165023632233578
0.327563634022472
0.161425203423101
0.0728720729559326
0.0944546791336418
0.171789055721424
0.241332791480574
0.16100155109227
0.247379118209191
0.435550811535889
0.18319387882049
0.190918128387082
0.121273433552455
0.0888348669895939
0.157187629042617
0.170027984719452
0.20467010053995
0.172884913958466
0.218781536121651
0.232171318463273
0.230249350008975
0.154190752890812
0.347602773350418
0.219263619679378
0.23623638276527
0.268236446183503
0.0687439953609865
0.247400523144425
0.0963772452626299
0.241700804936284
0.0715446550185747
0.187526353560648
0.0946411539397189
0.205476077821246
0.219203473217231
0.118992682110861
0.106320735040945
0.382166261304214
0.209860731920765
0.213666791634134
0.230253737994782
0.119222254382635
0.330662907383642
0.219617992984975
0.1766551376762
0.253269257334791
0.153152748836083
0.0993568488091272
0.103505886210868
0.123010544864626
0.150581411346952
0.148343152077504
0.106222462164561
0.2898770118958
0.442729655319857
0.192007606993931
0.215575688251943
0.177888385664392
0.148760906220312
0.104528394803746
0.1154099095236
0.176623815293394
0.449595895831423
0.18711970685242
0.099326142289377
0.105014588147271
0.10131634379012
0.13728138009607
0.200373229254567
0.150847427266487
0.293712304427678
0.209041460749367
0.101421543444683
0.299051622625742
0.118037483714914
0.10693108184806
0.213191893169299
0.128279464721626
0.177239594095191
0.0882217693542455
0.300836300674929
0.124644269595114
0.205478626604108
0.175152752797974
0.288327293209916
0.30618033386456
0.218144302803589
0.185814541816068
0.162892355004269
0.168403340816178
0.272478608386352
0.0623149058564778
0.171778391761066
0.120176494474891
0.121884157550789
0.1168413765368
0.10169711345002
0.345405855418942
0.175133555932516
0.314807312226042
0.217873668002687
0.160977554659594
0.212546002018635
0.0869681161339989
0.139978587278179
0.279797393331328
0.184338643613614
0.255006679640327
0.146902088342691
0.26516646266652
0.118669196945921
0.276086190945973
0.0828264068237097
0.0897051079984728
0.073651326903561
0.258197037517062
0.228457446324362
0.276955531948613
0.13284251596824
0.217243417795193
0.1219099052365
0.136637809023551
0.17107949550841
0.0989202934000114
0.315633516012388
0.184433281134259
0.250559184180776
0.0899003567991863
0.306365922694578
0.117075152054587
0.086562417644983
0.10654940974692
0.205116000474208
0.392031613896244
0.140767481450537
0.102471916213829
0.0988312498976623
0.12980733578528
0.260931131210056
0.182438700929892
0.124860227199193
0.0719002324927488
0.198787084560395
0.0777164879683933
0.140055550429681
0.303585471339843
0.070545123462778
0.129447778385288
0.166657948052283
0.312219080637573
0.17768290896037
0.14439660719646
0.113176061511148
0.0844048133715606
0.16751695522359
0.280825215149917
0.0795762397442059
0.183461421333723
0.255761524162311
0.136757962699508
0.142524920944204
0.122657442278028
0.183791883577701
0.141584017081869
0.253536761014502
0.22661107415588
0.297500034370425
0.138527903432207
0.160018162562137
0.15618025917372
0.353185918516704
0.0736124487151764
0.0777477007992635
0.176873577356859
0.192224016950389
0.287965620337738
0.167212571725342
0.144175119928659
0.144431380545637
0.205864840281982
0.22421831532379
0.135768250878189
0.309764313231342
0.158855273895758
0.0705522983653707
0.227064571221683
0.117603432732794
0.165269878938514
0.238786883292689
0.142626707301822
0.080525287629363
0.174469818713819
0.114413090907804
0.172934847856444
0.141178459959906
0.295176001127593
0.126619238652663
0.152446460800327
0.176045694688694
0.336973475308592
0.238473044456661
0.173098500678092
0.095976091473101
0.121742939965039
0.192173586818801
0.151706911838865
0.139772937275207
0.118200421230038
0.167209539945964
0.153772345254963
0.169513493784213
0.230283881484074
0.140508581919284
0.254608927166913
0.14234677158034
0.133254498423724
0.119007387040705
0.144349843104505
0.144436656928981
0.148478487224417
0.0884293418276421
0.122411210958418
0.286991463740809
0.204857501298568
0.286821635336064
0.087759924619255
0.146950965324023
0.165163843086833
0.300908996909274
0.35856188658292
0.229406834758791
0.0895006509196219
0.0738386177830019
0.257598881528622
0.290684941270417
0.370958220951828
0.105745563589364
0.0820146290404612
0.163373555304914
0.270594645336267
0.330768276931345
0.113864830844385
0.127370358058245
0.141625461312004
0.104802401009418
0.252454833234504
0.0838134833657871
0.141112264414324
0.222544241254433
0.255426312782873
0.295733819748706
0.217963508457151
0.070055799353333
0.0643908492008514
0.275072347835146
0.234775157740451
0.154106284331696
0.338426880207172
0.196745366303031
0.169391695239409
0.113031000310087
0.175962368439016
0.124828726650637
0.168060762668148
0.391143184938444
0.150056777926853
0.101123883706154
0.149621938276364
0.176887016855035
0.121849883454623
0.306351582836935
0.12394683394527
0.19264273071723
0.125857638018187
0.243851768086705
0.205690264794177
0.0892108515640204
0.121739150686962
0.0826816963320061
0.235871054841152
0.0888835284179886
0.193346267766112
0.13531924696398
0.269846279409261
0.162216426053235
0.224248923152614
0.232067844047938
0.0837529279295479
0.271599389190189
0.121600902393234
0.293261113260302
0.191080869866459
0.0872360869667403
0.0738018706779299
0.0967640587744227
0.102627572545751
0.263883134338584
0.258529042601881
0.402786555322499
0.166609272044072
0.101694221198216
0.127054233303662
0.114463161391436
0.339154712909871
0.258225004975232
0.13365076725922
0.16166233692337
0.14791286188617
0.119854791006724
0.175367311180762
0.120224375477406
0.404926227620485
0.161133312521654
0.123708953821793
0.0977652638502916
0.172461772284225
0.220069566758613
0.091724731412644
0.184153388747963
0.238985468120582
0.298714866638833
0.138931675808127
0.155170719977785
0.113403495766513
0.17556119667623
0.261020294224562
0.131849520942725
0.28067982125241
0.133431339980344
0.106837087753908
0.272126047483409
0.360766696718718
0.23304211459846
0.288670958489743
0.141530728048917
0.290652149936066
0.0870710476590644
0.153129602084098
0.14813665354398
0.0969474845963879
0.175821136354055
0.168847077809338
0.295589652010379
0.156019329479626
0.103147197054029
0.212291789657834
0.091307043131445
0.0717296146308677
0.16468091522337
0.175438436311941
0.240189585312265
0.305128795677269
0.253820865756818
0.117892126458623
0.185747933790752
0.202214730199509
0.168589831038923
0.0664819991924172
0.0868465587508673
0.199497275727633
0.0902251942629494
0.168529137223403
0.238237274971493
0.335951153550619
0.13850894750885
0.206193767606304
0.324390556080236
0.128304241026622
0.195076155811278
0.117983757537277
0.14705259686538
0.0909456759507997
0.115395938210128
0.280688995272684
0.116602735070316
0.17463217960683
0.112516528779021
0.117501953809389
0.234383263114294
0.105315132817288
0.32082441717001
0.266974675724325
0.172375901230523
0.247055559709259
0.211272158949314
0.319605192620722
0.0718505791758454
0.142830859403311
0.162630643642484
0.0685986817516628
0.0962191726026147
0.100063738394899
0.141719178667954
0.157399531198509
0.18634217392819
0.164684218047177
0.128483976947907
0.207855156743784
0.375689644763264
0.229416397656321
0.310476067316674
0.186035740951572
0.131906692825815
0.131463207857297
0.0921948781804302
0.299310505451299
0.306946196746795
0.268890085251306
0.0879140244221264
0.153294032455751
0.150636458696578
0.278942959261766
0.157959022847259
0.264689772668547
0.255000222559875
0.109887393656281
0.0877618116544702
0.0597362377736919
0.201519152138889
0.115049501851435
0.297932736373287
0.139927228867856
0.282723676588357
0.0794502165489016
0.328181779746814
0.340212139075618
0.0816749367241104
0.186748456650739
0.291729601442625
0.236233749876602
0.117526928595581
0.0917314436654553
0.282833578322392
0.130635555889408
0.364819534745773
0.118351598867264
0.100495836756887
0.152735987409817
0.386561071389037
0.0653884921749961
0.20511646751253
0.365416817835896
0.261541115891682
0.325662778312868
0.137415243674204
0.234089362122227
0.116882435389912
0.130762714058232
0.234183305603218
0.0603720109704796
0.218616856484849
0.127740698852289
0.388191875754232
0.0749989995341195
0.101689817802462
0.0991923791631419
0.183862996645062
0.224428226730786
