0.261288130542655
0.263538658850634
0.280285625696078
0.539139922934156
0.249126303474
0.254056387557472
0.235981595639377
0.253131842241493
0.246962865527341
0.276782867225672
0.261659191983683
0.258185633975801
0.27919471833453
0.265596984479347
0.247567851081222
0.318732044708037
0.260075051788442
0.236840358142752
0.273376976895711
0.308723832281957
0.286521875240147
0.24736222163173
0.246366429811097
0.265369945991549
0.300709663515208
0.28762240794555
0.223832503006134
0.25911770184398
0.268454077199053
0.253527254102008
0.274378603293716
0.255209280963938
0.297753786609023
0.282998637296777
0.252110251473432
0.305435073705329
0.282021827477737
0.278341704611172
0.259900403517827
0.245300566316821
0.266692300865531
0.270656138871607
0.265383877780348
0.255828935943942
0.28800632437324
0.26040683988036
0.255601419670595
0.22359537012408
0.266501446604464
0.26453250376241
0.257879120207499
0.249292893164604
0.281521032642078
0.241040241089332
0.250584083260405
0.274827394593552
0.282901025406951
0.26542740877989
0.240001659866746
0.271206422614004
0.26517007438259
0.266307427880643
0.256592529956002
0.249970346858731
0.278742622630442
0.24159101727832
0.258824885557844
0.252580090693737
0.274808693386071
0.324982500177901
0.232005710215063
0.256897136520776
0.297105115656631
0.244627461361578
0.250945635003623
0.245386366786651
0.248677468712472
0.2954974070666
0.231327813688604
0.292914295096466
0.255749637601532
0.284586214157689
0.253367839051086
0.279024590866763
0.280429643699511
0.279004761518128
0.300809258793866
0.30619283135221
0.298734750907952
0.260972310055972
0.265459756634974
0.246081112602665
0.258446140766941
0.295751866980065
0.283821759997994
0.24132414783253
0.250407562789881
0.274125626009144
0.257946838439712
0.281783596740153
0.295029488696266
0.29977878959952
0.271468590290079
0.243774777292697
0.243330200708569
0.26171473385424
0.258324359859623
0.269665148930806
0.253442452118383
0.240925646932641
0.295239470311672
0.229635231148432
0.252057170775213
0.263470958717614
0.270216701456056
0.252742318668227
0.257012521772833
0.270015390361882
0.273480727094643
0.243760345280959
0.278176814215593
0.278501558171415
0.234815023142791
0.280806785891999
0.274162622784676
0.310587043597144
0.266752927180709
0.244080153992246
0.261643764498859
0.261443703653452
0.253165731010988
0.254535885815396
0.258130604964106
0.251664483206852
0.271988228316664
0.237798096503843
0.295338758945057
0.278770250280805
0.253628286334767
0.253505198685624
0.226375128783594
0.238831710101557
0.266668558730476
0.272246233378291
0.263193078822167
0.234801629897459
0.247438726541552
0.254514971297942
0.29545224317825
0.284227776637527
0.274138593173537
0.254841016820047
0.251249932884745
0.239666740194347
0.224724703999393
0.279528406865232
0.279118445956796
0.240693114616792
0.298415275806395
0.248754073309897
0.249487334175781
0.258085155001161
0.256338307866169
0.280219149933006
0.270329823973196
0.239139163025105
0.282179638165881
0.231625167591867
0.251805538535808
0.254584030384887
0.269164797163562
0.219278649420826
0.261814102235242
0.258722057000516
0.256765573890084
0.303069553184352
0.275454736612732
0.257849266667812
0.262217283996623
0.267210865883976
0.264698014615349
0.279051932051318
0.237689368662067
0.262089022762329
0.293119374387264
0.286397080199201
0.30109384005461
0.24188997491076
0.260299206365569
0.285415864545161
0.281747249082131
0.263560199572147
0.242878188792071
0.28699037072503
0.246922405981775
0.229927579734142
0.28262965534099
0.255435664087121
0.239320524687075
0.271317083034085
0.271745727971008
0.256161520208724
0.254034859810577
0.256926787358038
0.277134807316556
0.259968693711333
0.262040450103724
0.283330178630219
0.243513486097187
0.220928496008302
0.273862611697101
0.270848675327694
0.315595325714779
0.293388643425194
0.239972238808873
0.255913218264495
0.258172427975438
0.265503341055063
0.284336545690692
0.311399824427423
0.271777258730944
0.277600513395445
0.252697422133376
0.296338544268861
0.302319811327398
0.279523451439437
0.310885846360068
0.291939223774065
0.277966555893142
0.285480484885153
0.252914214705003
0.274719408239492
0.271661145713382
0.310549431951294
0.235728389790446
0.292571232603289
0.253147218840573
0.315750331541618
0.283608084564499
0.2508840087838
0.276007069054941
0.275372761162375
0.287607590974595
0.273730537311454
0.243229399948937
0.248163480875351
0.259978301179529
0.276244377104912
0.251327951711073
0.27264581819265
0.261211576016579
0.275117123916514
0.245974793822183
0.267723435473284
0.284587120166189
0.247917535803479
0.261118489506251
0.243816905178501
0.258952593113181
0.282677817416791
0.287892331078324
0.229491935722772
0.266774222017395
0.246783866327372
0.25374136356923
0.264602296439002
0.305966096653387
0.258383797754854
0.272576736706705
0.264344272632078
0.273701622546775
0.24398406840877
0.292171331344265
0.270235342377617
0.266120525804081
0.281620084744711
0.252497879753002
0.276193677091979
0.296920113469546
0.249292346487523
0.277604768029562
0.233876755646786
0.243433765618389
0.263308694943066
0.290498384435175
0.243966964962011
0.285103735111169
0.240660737227078
0.276436996189554
0.294124319663805
0.312414802656107
0.299812910060301
0.264383199665121
0.246384748389794
0.267873573546085
0.281150228834371
0.258379406706053
0.256440484580544
0.246839162396775
0.290174271901947
0.289790498584707
0.284978896582126
0.268348126011768
0.249193268416377
0.28124825200494
0.277456811569272
0.278191383027676
0.286190712125603
0.262922516292321
0.280826259056448
0.291481118334117
0.278607254770011
0.219819368988603
0.294484104623705
0.318975702847067
0.293279759708206
0.2390350530592
0.264875237560939
0.255425931435643
0.299461976583729
0.265607587560459
0.25644776487503
0.257272492994543
0.278830932529563
0.259671871306284
0.265687206634126
0.277312898035597
0.270096288950122
0.260527848582053
0.280183623803064
0.312594710708554
0.281251153330209
0.256824099764658
0.245510678768225
0.241862019403738
0.230519256625422
0.29523589840675
0.24419180412697
0.26231533517956
0.221520736193022
0.280430057476415
0.291762794198769
0.232564675962922
0.270427800900205
0.281019177597502
0.278473571578411
0.23748270501301
0.26398802224907
0.251458178216898
0.244409935232238
0.32086839078751
0.231373413569934
0.259129519343015
0.268677893145912
0.265367327708956
0.274409105261224
0.23664203039459
0.235557273046687
0.2705397888719
0.222199276839168
0.265171643052861
0.276689318188765
0.264192937897091
0.249398239550855
0.234610325291533
0.264052515801849
0.262662937396027
0.236790638081024
0.249469540582186
0.229892689475778
0.289000830257663
0.274735069027481
0.250053232036521
0.267128054968305
0.233707940566306
0.284472759289339
0.267472792451181
0.273447904025633
0.27231641201102
0.271302503026652
0.283530418261758
0.269471388091868
0.276180450342426
0.251500740948035
0.271462074132154
0.278614076663545
0.3052538810779
0.238881944856833
0.269421437461416
0.287579950144261
0.284953119764548
0.309302723304076
0.227113194841313
0.236024261575046
0.245499470380329
0.29127988500346
0.288507596368346
0.275972821874248
0.278640745919581
0.298080870405125
0.257593856561723
0.290679168567949
0.272111607545792
0.241115853767395
0.281885882328845
0.282717109362537
0.24611436549623
0.245237794625723
0.293455471994804
0.252258075533335
0.237629399261854
0.262952586115849
0.290001929135828
0.281270771186389
0.268956938908192
0.25675363178525
0.260611125142836
0.277676599065568
0.261961627627591
0.250125629886529
0.289367788608417
0.271013765124018
0.278254923467438
0.275091256284959
0.262046338499849
0.256494658395185
0.264405680424517
0.243842043146801
0.282634094874618
0.283886608666551
0.267625928420714
0.252656398842377
0.260006594791066
0.288365539557166
0.298413300154996
0.317958968431473
0.269873952230291
0.274770702103966
0.24694429673884
0.278061718446161
0.301378534041364
0.276511633129066
0.268690227398759
0.269783045213473
0.266199056196021
0.323619440702321
0.276547552589983
0.243137033428214
0.229982550236415
0.276634396570297
0.278617243385677
0.269465795859641
0.272747546252805
0.274836524375188
0.23091133951424
0.263768080664513
0.308469702594045
0.238191743507216
0.281296289411505
0.286868595886724
0.246491774734532
0.247058325303058
0.286070752732378
0.276660493934978
0.254180232917359
0.241585457609141
0.276860565764589
0.256559222207498
0.270403777589975
0.270101866111748
0.297836411678838
0.225515398998209
0.263731588707719
0.268747683560555
0.263499828205792
0.23845787444077
0.250306051977146
0.271926360339352
0.278975212177673
0.251098418802119
0.268119079037463
0.275387715329907
0.26146625021875
0.28551747051848
0.280528374851579
0.271988039610438
0.250281256440711
0.260598000454982
0.309828762674238
0.268307309483595
0.278049401768078
0.283140251296654
0.257741754213437
0.286614096142151
0.267649949983985
0.252184986542063
0.265791480655004
0.276605851053855
0.252938136808471
0.274304479635113
0.256416493018456
0.25742200637676
0.251179964854332
0.253509292631474
0.287848863567114
0.244825824136111
0.233955383574967
0.271078973892214
0.294692449860888
0.229784168721111
0.264081875489083
0.299304724540834
0.269891092016256
0.27166418645275
0.249436106421123
0.263378512438787
0.265227419283248
0.253143598497381
0.255362532673121
0.305944559857029
0.257937689566298
0.235314803126465
0.251953047538714
0.277191024495916
0.268977451987188
0.305493927587942
0.282664720334097
0.255870789577896
0.248789425974316
0.25876860708578
0.246473846340933
0.259271266498756
0.274323530439105
0.343886042542984
0.295696578137308
0.239479379381175
0.256461365161548
0.23857914167334
0.275986900764944
0.24731970868515
0.275467848259438
0.235353529893487
0.283503370367061
0.305421585598432
0.279896167090087
0.246528066250838
0.24587534683881
0.222036779925771
0.2461776414421
0.239726749349118
0.250957556614955
0.296025812144649
0.303285124152171
0.255633346766208
0.282641219677475
0.225738290835256
0.244780499562407
0.258306159258846
0.259408990346055
0.278083032117173
0.275377660626461
0.29106702077967
0.309341979421192
0.255791008998083
0.272329485281228
0.303895956190443
0.290178891285617
0.24742832415208
0.246303774359787
0.261362265641438
0.300550483040316
0.290119323686471
0.286596474902564
0.281045446566703
0.267784086710518
0.271678362401375
0.260413008163827
0.272522662982207
0.305737234104891
0.293785917910367
0.223816929671499
0.228178190302692
0.299307616982266
0.25422754661391
0.236169648148331
0.277007464279153
0.276991940728713
0.308057107722623
0.227367206032316
0.28053585609566
0.273225842727334
0.289655429882079
0.289118584799861
0.261233777610577
0.312933629492003
0.261899691128994
0.222838722271046
0.254041374503599
0.270368508489125
0.31090751896482
0.235033283597865
0.251310079920559
0.291845007510076
0.267368501934674
0.258272111926904
0.255568339227725
0.25321962591264
0.25362079546995
0.27255066307474
0.284846912003465
0.257177793634173
0.289997940456927
0.280657775449269
0.256170871404654
0.258429240752083
0.262499848254136
0.266075233697429
0.274831158065578
0.257129905889619
0.239569501325344
0.273106161760858
0.275286550774374
0.28379820938058
0.292406249724337
0.24603949489575
0.254920408757046
0.264651380623931
0.257924616491663
0.25945617456969
0.270012241167283
0.225595043282967
0.31207568471576
0.265663798213112
0.240543578383261
0.265081114396791
0.298607456749793
0.307618110931008
0.303913453603698
0.234705236191549
0.257935464363276
0.277802069261138
0.272201085534061
0.280884989120833
0.306283450498533
0.277733524563816
0.266640685721484
0.305107968863258
0.264585877985162
0.231705451615918
0.257284072395637
0.312457330970461
0.25105541741873
0.293481114976549
0.311775149154064
0.234169498009326
0.302782838293303
0.264815047208565
0.27988879157329
0.251455114004814
0.295114182671241
0.22485924674724
0.255046284784211
0.236212404312584
0.265874453509695
0.257050628960537
0.243637222451629
0.312406692822068
0.261417982738415
0.320235599218847
0.267280800856517
0.271739756364314
0.230424096029042
0.262103475211139
0.295156924208383
0.272923097887739
0.220760649745145
0.271968642839997
0.24646449906239
0.219614940038829
0.292263583977239
0.241810921141325
0.266315948685857
0.251165852751464
0.258215794432545
0.254961661596366
0.261956866798164
0.242710994070487
0.245384783900798
0.262289887635124
0.268363347707085
0.260942962031156
0.257132277781156
0.243816879718045
0.24535875693139
0.247939887465845
0.274142767198058
0.241448767740966
0.277343137406506
0.267390211852937
0.228800969353464
0.295295418009592
0.280003463030112
0.262913426126477
0.257103519863762
0.2738016311814
0.25649048783774
0.24277355609942
0.247009066204192
0.259248006766085
0.253468841860152
0.2930838778423
0.301622804523721
0.254860041694155
0.299424865484294
0.246825897883728
0.277598722431486
0.241330271208253
0.284620446192191
0.308432546851551
0.293449150835053
0.299152998645469
0.245846259132509
0.276493920762092
0.270870314385748
0.234230539060618
0.29857637511664
0.254171074192244
0.303657184684619
0.272125263663006
0.262653322307846
0.287575615451397
0.246844560891451
0.278859205941163
0.264974194732565
0.243469796783114
0.21443731068895
0.252190708522574
0.276296727251194
0.263215837729484
0.247093919288372
0.268871644971768
0.241400775091165
0.235851400206301
0.215672133371204
0.244143945145419
0.22559535226318
0.29251278114102
0.266933157418628
0.257351372942063
0.264184925701155
0.310812156811748
0.271786877272219
0.218687903027562
0.225894105309472
0.278217436958581
0.247606139834183
0.25909355702182
0.231155682857998
0.254703928028383
0.272593711546813
0.274654661574977
0.256025060753406
0.228955064428544
0.254670475168561
0.301493623753618
0.249116922896062
0.235260780318143
0.261021955413859
0.286691107752205
0.245491997893838
0.285050225657184
0.242466627904106
0.2514784439802
0.243031954816715
0.233262548267578
0.27725423359164
0.231909195334563
0.294900249113516
0.277853277183049
0.239267493688086
0.293472771431589
0.286440559389921
0.300543306961067
0.251045533961302
0.287650212772559
0.257947848917507
0.310078075145694
0.279754941721689
0.263196690703069
0.270564893546404
0.265391353500039
0.250796473851615
0.2501959259999
0.261827902960559
0.319360686785264
0.296975297492035
0.264015930796066
0.260831911787276
0.290325711411519
0.26212792021408
0.242660075635785
0.267696511851265
0.281243428384145
0.268610955342808
0.238306571547573
0.264609891512133
0.312261217144117
0.299809394573446
0.264370833227751
0.248677797463868
0.252946585893641
0.248296011875042
0.286053864957726
0.285001998498043
0.2443979056219
0.325034683507424
0.240088533951917
0.253702021691425
0.276422111557506
0.252799142643081
0.257883342129117
0.258171740960114
0.263163849080287
0.276551100292011
0.24818729781653
0.261146999885181
0.297924996467611
0.284835291445517
0.278186146755303
0.272565714437942
0.268397074220337
0.246974199677021
0.873723393376011
0.295982063860188
0.280378135371976
0.251984010640861
0.28652717688552
0.243229829257986
0.27070667457952
0.306764250842365
0.265340638302495
0.279736403571435
0.238758260929666
0.253878411503565
0.294731091959524
0.315082876507486
0.239220341470278
0.277295861789196
0.264144556320706
0.28696227030862
0.311825167355308
0.25482357096782
0.247853551591305
0.282948021708929
0.278105031510049
0.265560706194158
0.264034681953799
0.280305251355056
0.228480293578988
0.301920721093731
0.289248864111251
0.248628197378163
0.261963548006705
0.27657873698856
0.235157469443997
0.234786190851742
0.266546869652916
0.27319662621544
0.283473768490787
0.253288748178263
0.319368105843065
0.308949356821059
0.270780959382013
0.275872974155699
0.258636271108929
0.238402866389463
0.234689812767362
0.267573708097251
0.304047442763047
0.245905897414162
0.264825280149948
0.272548866324417
0.282954159235044
0.292172507318982
0.248267504902135
0.283172945783257
0.304583542690249
0.236289483419811
0.279380264935728
0.224411378246848
0.271230338865339
0.267406605883302
0.29046877704451
0.247391446293512
0.26542995036822
0.283345659289876
0.238180013183504
0.23711685898273
0.274938507512235
0.300354791914484
0.25356119155147
0.29726946890804
0.282134845935274
0.255657619175891
0.282905811035415
0.251902941377306
0.285013032039139
0.239855533609173
0.311462165507828
0.265460991307214
0.272432018726624
0.279391621916918
0.239353529885568
0.242737059254704
0.236996518805205
0.286613476861425
0.285738285475637
0.259387386274721
0.252510320600733
0.244961828292042
0.2536597326271
0.246111574587766
0.259155832565931
0.261213417792678
0.331012838018438
0.258579591648315
0.296982834883967
0.243643472962608
0.245885497862833
0.278052397207346
0.265109651013333
0.277747854684205
0.263047114521122
0.258850043293372
0.297932283647223
0.271571600331972
0.236111659466177
0.285910271366089
0.248140263945533
0.252586490412108
0.22899364197218
0.283674839216945
0.303739330250337
0.224048350254063
0.305700707465788
0.275387533592034
0.25275293623422
0.271417021978093
0.264769033716998
0.260039605719122
0.24297850883361
0.279605687041056
0.327536008798909
0.274274185205832
0.236348994537928
0.277388355758701
0.258205869897868
0.307731502278409
0.307405224517285
0.269981444624101
0.280995013987969
0.296706501044027
0.24444455607818
0.260001371407611
0.245171420177941
0.246537089294956
0.261565399894532
0.270054176016993
0.303252548580661
0.288884482166318
0.303745270824995
0.269268606593257
0.24827246936988
0.286584723565625
0.280013049557209
0.289409253691963
0.279632180916736
0.273026512120029
0.279753108666926
0.258767384282743
0.240615584613086
0.265222015463617
0.288007014572351
0.267089562214227
0.284558916720221
0.287830765127337
0.254546792630461
0.265035456490281
0.314555367083741
0.275587781177281
0.260248129221158
0.265362056224373
0.294606513209642
0.308468476875995
0.295447543687889
0.257594696327146
0.268165558304664
0.29934905802134
0.260206789894117
0.283599944706662
0.290355547133354
0.244780901308911
0.241975668478347
0.279350053318888
0.240587580389517
0.26912565932747
0.25480811975924
0.236929284842145
0.299028916100046
0.264249338382912
0.290345669918338
0.245886808308205
0.279662653845437
0.264599728117391
0.280275413202891
0.234693207628503
0.292356306536685
0.251251157275671
0.301624436014374
0.234140317937024
0.292173151764867
0.246287861157555
0.274875346640904
0.258889857004887
0.237902426654925
0.285131094765104
0.280723577955763
0.259430986889413
0.240266422285191
0.228075487851582
0.296592517804043
0.291144829914013
0.266282072306286
0.280558512954618
0.284702372544118
0.250965656321972
0.292580279406875
0.304177738185108
0.263966875057339
0.262268884892653
0.272494936283902
0.259979693838794
0.271571842136549
0.2922082063576
0.288686760295967
0.257028599177645
0.286999895873378
0.27170025300233
0.284155020133218
0.2572975777081
0.292805640595939
0.236211441815939
0.236143220646013
0.227015183618254
0.249385373979932
0.254459855980294
0.225476658716543
0.27337625835853
0.279786065460807
0.292010612642128
0.276835075596092
0.240610391944979
0.303065053804752
0.282746789236062
0.299906721131893
0.252949863880068
0.298101578361967
0.286650070194353
0.274060710304051
0.280079029125907
0.270305039167549
0.232499245198427
0.224791717542522
0.233846788485138
0.29191448776035
0.24192591451597
0.248748200764228
0.263454167693992
0.29036879318332
0.234939886804004
0.281625391012422
0.250207081077217
0.283211083174609
0.298695628627189
0.242219482224255
0.308258770108983
0.258713351212665
0.271219899074071
0.304732024733095
0.261037386783114
0.285463142190845
0.248959597686172
0.235299831710333
0.296959929041643
0.248701625021812
0.284193216119491
0.262961838151785
0.271674067792159
0.303874193429947
0.268516885592881
0.247312823026121
0.252222648067374
0.299258977713252
0.221454724768988
0.264327337262868
0.29008344675971
0.269525430251168
0.300399072985314
0.255063350223221
0.232936134532197
0.279524813157417
0.300000547123214
0.239777165448017
0.254376261862582
0.244946467661448
0.259464375062273
0.242717416775067
0.262752758945095
0.282635444324764
0.304517459777954
0.312046502931234
0.272569770586648
0.262928006288202
0.246027134415094
0.269319850088895
0.295954223357705
0.249846165715855
0.308870010373104
0.326379681710881
0.331177458565086
0.267925032232861
0.279130139658838
0.288030394639492
0.259278660534002
0.243705912455756
0.304115315915267
0.28288199005458
0.319853637593207
0.260612950105912
0.267417531240641
0.264455100206782
0.247813374522341
0.237825865100811
0.237320369034685
0.261390040091973
0.256361689371441
0.294065962882617
0.229268306262858
0.271249811900907
0.252779142493975
0.280693935120926
0.252595624400441
0.313121582923733
0.237878096173382
0.292606984014896
0.267125166763899
0.255267229968745
0.253621904610685
0.267656275859017
0.244818511930997
0.29258471489999
0.266098489650181
0.213782204547968
0.330789576659014
0.265393887493948
0.255506213158277
0.279144889500154
0.282804464737483
0.250333216722129
0.269237822769787
0.275560252185066
0.262480128847405
0.282611652594417
0.274645756174167
0.279394378415902
0.227325127475586
0.249026056026576
0.255147988862942
0.274004308041729
0.244957840244397
0.307072497509903
0.297249274800167
0.297300294037754
0.232338089221686
0.304192672734989
0.282689311174651
0.264307185950675
0.286251187432622
0.334853932471044
0.249372420488548
0.290647070012003
0.241840312763291
0.272402794825575
0.289346262515673
0.235399461155954
0.259230907112415
0.265366431473598
0.250020142109712
0.258977160425162
0.282428834269717
0.268388581054624
0.298947367755537
0.278196456502925
0.279282211993529
0.229067421855345
0.273775148150391
0.283695998312902
0.254779509764213
0.262555128837261
0.300259346679656
0.261928841969857
0.329977084342701
0.294651668221484
0.28740652475573
0.259019370771061
0.276429539770411
0.268947562231504
0.217272236302952
0.305121558251317
0.247027970351737
0.224737374041523
0.247386825689507
0.243028846956231
0.286555134121321
0.254598499733776
0.286936538149055
0.247630107464695
0.262559852763262
0.274564112668112
0.269223392110785
0.236783993424324
0.314291636820001
0.253683982936554
0.265002249000945
0.262825547134995
0.248984458102497
0.228667210944843
0.240655650231318
0.297460378099718
0.264552675647119
0.266141514753666
0.232776734052219
0.242659137736723
0.27207073271792
0.250080128090583
0.233795650881627
0.240325931420886
0.260195534708671
0.256044182136168
0.261642837201584
0.224354001446663
0.262159139239469
0.254179881880543
0.245323993216544
0.249161772706989
0.311801609483321
0.247605125049265
0.263249642460594
0.260095003770999
0.249478867273892
0.285844548978072
0.278651475994906
0.286322505997329
0.251641848020135
0.34077586545186
0.252082809725854
0.260967534928106
0.271467988316534
0.250410798279843
0.264943241483473
0.241230736823827
0.293958665060657
0.271384721066326
0.289563709410722
0.248610034659165
0.270819875984442
0.281851186244541
0.248917408918432
0.214860059394141
0.21980475103377
0.252503155175757
0.280148111763295
0.289233170072903
0.270677956450937
0.27560081637098
0.279599772378379
0.246451845041483
0.220250424665981
0.299803341967422
0.275233789685313
0.299271266654335
0.284108557485832
0.26377198636012
0.245521145809276
0.287190721028979
0.268279962181054
0.233026951157076
0.319178387984797
0.300693260306914
0.275460465416979
0.302330470589892
0.262283114634408
0.268694337063427
0.319189675447442
0.267105070785292
0.258123469343632
0.249983212941257
0.30487355187538
0.256104922302649
0.247897766628916
0.289093398842847
0.220923140256901
0.269972480161717
0.260679068703456
0.274338238136781
0.261146201305216
0.277916269893753
0.243957127758678
0.236180922977598
0.333192957292692
0.253241333307116
0.29197976339345
0.229623871553819
0.223919117084215
0.269366578275546
0.291652081903921
0.292418975484313
0.248339974653466
0.233430527968113
0.244373827710054
0.217430094873828
0.28990953000871
0.3076010177164
0.256053965218967
0.264780867276356
0.303760694024714
0.298268005317495
0.296808953266883
0.291713048690685
0.274114660187661
0.225062676736908
0.248004032747483
0.281113342087425
0.304440209943351
0.263008237167057
0.275482171946106
0.265107398376765
0.318410526190417
0.300248391731683
0.291774442234755
0.240021592434925
0.306191329813301
0.262393985058946
0.263107916249317
0.325900077911655
0.239470789727508
0.293723211881653
0.255164618133698
0.263285099258454
0.308867342668115
0.266277656348084
0.222299420493406
0.331479710583143
0.276473128010106
0.279049483944387
0.253937732173288
0.27228215147745
0.237748557416633
0.3048723259555
0.287194805376412
0.236182579730531
0.270019348694676
0.225955900652039
0.309642483152837
0.226987355365723
0.285749259191598
0.234335495075886
0.266339048524599
0.28389482547977
0.241161671773134
0.273327477549003
0.287412177525269
0.263087438141051
0.27998673937758
0.237258496601981
0.249867224840896
0.253909203987775
0.2648329421263
0.237438936321188
0.293716212763
0.274782631147483
0.253580043059703
0.297203368563559
0.324539185071463
0.270387255784861
0.256631522801202
0.236371123810112
0.277105045273895
0.238330379002271
0.248450996206555
0.268007406332757
0.307121327337805
0.234324793442878
0.261724037855157
0.267350621763522
0.26718433519176
0.262089883588114
0.280971917277812
0.299390993765706
0.263531226230608
0.222738951681896
0.232616358860534
0.260420327065159
0.290692203796733
0.25452979217946
0.299172657665553
0.26657794812143
0.263795589322203
0.233634724863418
0.249817969802615
0.252772618906285
0.248463394223059
0.246788082869599
0.29304370415355
0.270084920571947
0.286739877217668
0.266303067538951
0.288227077991243
0.288324685605616
0.247810550863212
0.289527502297317
0.300365251023798
0.265634260472582
0.24743373571426
0.277344418141749
0.276028556514997
0.29706215656757
0.270674151763364
0.268689000440634
0.306617450756192
0.281967531791828
0.22258878284382
0.285316756863195
0.282610393043094
0.253946685366631
0.265946138395692
0.244115561877253
0.297164121114061
0.259939059354309
0.285908218720532
0.220670508596703
0.328940793871883
0.265119079569835
0.283774252261736
0.237195113957182
0.262180726147974
0.24915670432073
0.289926628287195
0.25392431818192
0.292346530732218
0.277489978697786
0.251355896105312
0.266766738329453
0.229270142098205
0.242844260248616
0.269028522501408
0.239029902148662
0.252708014383894
0.247039237428044
0.244220962007598
0.276751775750378
0.295133161027073
0.308718301697183
0.229510221997584
0.307163108941509
0.30845569451647
0.288599011141392
0.270667456570556
0.245104486861666
0.278984812412996
0.285237492985069
0.312431849778272
0.284945987362451
0.239971406061491
0.235351655670915
0.245915166586562
0.236982716736933
0.253695043758216
0.273161458466448
0.24236616657384
0.308494052095741
0.314373688000133
0.244132393060485
0.218258067279775
0.265481270566516
0.275196885041084
0.274174006270932
0.264084586853877
0.278266597058394
0.300267523906259
0.22583119325296
0.275748154719224
0.258290399588621
0.25701419633885
0.26906526066202
0.264528489822234
0.23873513894631
0.29186801497589
0.260854965058892
0.248874523735897
0.250639927931353
0.234556226045991
0.28728037142924
0.234575926193253
0.265499039160116
0.254716751084737
0.276552438863929
0.228764253387622
0.236241854394961
0.274677213284166
0.225943447907075
0.249689458084372
0.279697719342556
0.324981635618685
0.249521302486231
0.221398745737822
0.2382467017553
0.257222168640194
0.270112918627995
0.286370798202363
0.256359812715182
0.278004491697426
0.293559037306481
0.321492792608746
0.253064665267141
0.241115509316442
0.275767953919302
0.241678594716204
0.278963215789352
0.256826443415959
0.295269748042733
0.292488816227281
0.294359289251488
0.263103714605537
0.267649119675418
0.269028095885056
0.263811122391052
0.29262380907133
0.222190533143122
0.291675555002144
0.245841419151593
0.251563198437925
0.270314506498573
0.302133849952371
0.338411717640845
0.278016314148554
0.275569774903786
0.271833626597551
0.2884716878423
0.29000691870655
0.303444420370865
0.263871570538111
0.241026941649231
0.296636589965052
0.24415457460082
0.248107068702838
0.248648399591114
0.298961158598544
0.253401955664192
0.249226763686581
0.215284127635454
0.256900271554352
0.253345050029966
0.251613160917522
0.226045196657149
0.223372556385279
0.241552134542451
0.269567710883622
0.28289411000064
0.280259364222447
0.320814298023437
0.23590747792469
0.244261555338164
0.236675622679846
0.284944735943109
0.256437845548375
0.231872193668137
0.293915465255297
0.309156027291094
0.293088513594193
0.296349208670888
0.274148364025899
0.329657581537701
0.294409970718419
0.276532532899211
0.285127905390635
0.276317928342138
0.285849172580901
0.252756993508737
0.262837986813792
0.227288071770706
0.2551346185477
0.284865009649228
0.239449719705558
0.290656403112294
0.24403614692538
0.322518889549518
0.298786666268866
0.271516963627344
0.255883480174945
0.288554714167712
0.240593594660771
0.212534552433304
0.269397493211122
0.339531985619785
0.250123752964484
0.32082178588206
0.313266735166065
0.292363924727019
0.230350072382036
0.329436413645573
0.31535061929042
0.250448390778219
0.219336165641664
0.232117534653644
0.290601615674651
0.217872457951637
0.308594597673573
0.251232419444741
0.248728936633438
0.268909180158916
0.255990367343602
0.263465362423789
0.230351711657322
0.259710108525315
0.236733280155221
0.291935910593561
0.263825915108987
0.296673656073505
0.281859713408314
0.247056678391212
0.298913459831159
0.285792555130498
0.280403827132898
0.272181468425314
0.267341912999441
0.250262401449685
0.275283896765389
0.256743694697324
0.260110791365162
0.269659655342548
0.287529659798844
0.29733202190895
0.264536641577156
0.265689790935312
0.258598759446909
0.26430712441963
0.315528459943507
0.300983382335714
0.271470520969971
0.22347985261525
0.260152524580021
0.249912659621189
0.294778468515892
0.245411587194746
0.303341020853131
0.268569442196469
0.288221668758834
0.249895837035025
0.264840449632603
0.249798162522856
0.236557147381667
0.278049116752746
0.266556767904035
0.245875895784557
0.2604959576881
0.264527080138011
0.26415757334083
0.242664350191658
0.306571101244141
0.24739254170204
0.269089273872434
0.249508473094112
0.216282202001181
0.224350309620889
0.222847040500138
0.303491757243546
0.288959655788162
0.242207864023543
0.233793077218554
0.311310306458634
0.325436799051542
0.248700107601377
0.243073178375926
0.268586482888991
0.235959233280891
0.256484452635057
0.239514512923883
0.228811825053209
0.31936342920112
0.288766800743701
0.253510144137178
0.266017132534955
0.311830046828912
0.256827857301884
0.255672678384429
0.234371142956675
0.238908023062629
0.236576650671043
0.20854032460977
0.312455674711944
0.242665100637471
0.278745045923439
0.271107103645019
0.285642669091065
0.239886647891103
0.227688378294146
0.209770608237994
0.280434114462894
0.310017364769319
0.327253414662026
0.26996109739837
0.237182439927275
0.25758556089995
0.317542649453867
0.26818140082906
0.249315338477372
0.276852411609505
0.260749054921199
0.281895196411263
0.2917175518751
0.216736887781904
0.282093492744207
0.30936052281429
0.291007755758252
0.25631804279575
0.248299223162558
0.276766818793772
0.248079303993634
0.255003884829597
0.269350933446308
0.239821677121763
0.287249149977637
0.254082712685852
0.299573475213721
0.234847652153553
0.230539610669134
0.240735816158568
0.273037633659123
0.230749737368543
0.277410780795706
0.295881114345521
0.247790939308535
0.243371696123566
0.260039492475851
0.248546696026695
0.298228705163225
0.218611481456149
0.268838082051547
0.294390573692021
0.237706490742604
0.266071853169113
0.308657016946395
0.315148600082936
0.315963485104938
0.269061474281039
0.245994513358128
0.262194836925959
0.25960613584187
0.303792353471475
0.256269705863272
0.229912587129179
0.303768320460025
0.286910254875795
0.219823504168684
0.265870902248919
0.280861139088772
0.232459962334133
0.345205311066594
0.281131946741151
0.261192302605547
0.301929404232688
0.280527967732816
0.236811831095837
0.262911817246653
0.255241315477467
0.256855250608148
0.254294685096244
0.300769505131596
0.265825055656134
0.240164409280231
0.25067020887131
0.278000403732139
0.318560814648577
0.328922009203972
0.283235405960527
0.264862200787637
0.315320207000073
0.243287856390353
0.266876681805151
0.244308169620349
0.272670555547891
0.262412067791887
0.26871987235442
0.280170936666271
0.239591738759359
0.261671322717891
0.222209153706669
0.315228693419112
0.288334234461595
0.317617703397868
0.243914420324412
0.290324120087081
0.28764151520717
0.254803005536558
0.240167188489561
0.246466193685931
0.341530908927225
0.248211229476489
0.254215597130759
0.254259106559317
0.244998963141906
0.283499796587299
0.27577239397978
0.240243898247149
0.311454103197872
0.302376492611868
0.278372326733632
0.271965874675621
0.271436904853695
0.262728178008163
0.291053985297934
0.282948297247344
0.285619606829139
0.228651350792248
0.315852711472581
0.256936183279415
0.250365628986681
0.286490546208094
0.266285708279174
0.313660324465648
0.242090757502187
0.306534688976478
0.287163971505273
0.290883019541147
0.272171985004836
0.267137843858472
0.273478101125918
0.244201789943982
0.287480129404655
0.288918750491079
0.312103117149944
0.290295191151083
0.270730353162573
0.278459647378686
0.265009233404622
0.288810084711286
0.262861404035228
0.257601068815688
0.328581330529088
0.251813519211411
0.28069417900924
0.337703374173518
0.255611573205264
0.328973898719163
0.280697972589626
0.257744300959933
0.25272845020923
0.27377380417596
0.261723196025576
0.231148166016316
0.278378433437796
0.263609938124523
0.282278368705189
0.278819847576652
0.252050759635815
0.218925944729901
0.286170940537494
0.268299084043238
0.292799050777316
0.316084523739004
0.268074814747819
0.26278774143238
0.229947799742885
0.213955830086751
0.310597417006594
0.270864264314746
0.251630033102295
0.28989801835661
0.277284906304952
0.263705026454047
0.303459966691712
0.257705228686788
0.294008412364689
0.262504623498168
0.223030094250314
0.284383694484052
0.268116943780011
0.273779021969247
0.2598886724491
0.254769030303906
0.266304418179226
0.298632593180737
0.270514402855896
0.237415646902669
0.29542442997205
0.261488468295506
0.2362500753505
0.261009740442498
0.258835803257762
0.294086797327074
0.248670014911649
0.24135912040378
0.292947211849762
0.267360762152018
0.262104624065937
0.270498847743403
0.264414863994047
0.27027583178318
0.253988246827868
0.241792641588355
0.321566258642912
0.305140724750687
0.269229589282836
0.269330360322491
0.232328693298052
0.310123363449575
0.310699237059588
0.27742213924366
0.245066331571491
0.264854931071541
0.238959992607111
0.290695607978689
0.281947732343398
0.254305991500444
0.282272224796793
0.282109367366738
0.258363515797044
0.278632835561523
0.272187989080818
0.283921378427584
0.250945394459617
0.321002006232043
0.338619379780104
0.265347846514905
0.278883300959738
0.261214328197913
0.269373789585348
0.286182099691557
0.230789890144477
0.258120040318483
0.253072134842987
0.256286996075259
0.256241421347006
0.259896947956258
0.224384317357023
0.260953552624585
0.29858894820561
0.233803412838818
0.258467219684738
0.268517095185378
0.235100563008445
0.285456255929952
0.230960445518609
0.241903328685059
0.294115797464751
0.307512152068315
0.24632823985951
0.276256421799436
0.278213030115998
0.292756298629471
0.293855816229736
0.284785327866063
0.264320653820517
0.258673318593724
0.229059564161721
0.257402679781103
0.311243642731765
0.280948474451884
0.295542163169437
0.254381256724672
0.264968091039663
0.262963360376249
0.264808527319241
0.285973877657796
0.314231536482068
0.274700164828994
0.230481138552385
0.31984447066616
0.284026497097397
0.25114895366581
0.263051419041089
0.233500978752075
0.23713694174983
0.356847891120377
0.293241057419887
0.278301627006546
0.287468416491309
0.290285580940667
0.297079520668521
0.242208440857371
0.269473704068368
0.265067762422857
0.278330436069373
0.284883736182342
0.302404625603563
0.297454370069927
0.259381756489688
0.259682986436451
0.252992137991232
0.271948223251382
0.27886506515369
0.305957827810668
0.249366288877431
0.251237014967655
0.274980717398151
0.248272925669522
0.293386917162195
0.360096343430744
0.243105201512128
0.252083706539361
0.278673051747226
0.243432479423386
0.285231172748918
0.2453233731622
0.242797920661291
0.254412353398095
0.282156860368516
0.294841604402309
0.296532144167964
0.231875768074386
0.283543178773123
0.307439065219592
0.236107083132552
0.293662064762654
0.276851707231738
0.256590986114784
0.211121648056958
0.279121438426513
0.31324920407024
0.265332704350628
0.279559717758005
0.224736067990041
0.294908576113426
0.25798927485418
0.238167622340772
0.247380858257509
0.256117855447016
0.25587104766638
0.29198367662484
0.25659544557524
0.236542181150534
0.269161677156927
0.262120510443842
0.318305911790272
0.255476905391664
0.294405240031475
0.270120479587483
0.301413600680953
0.256684271347203
0.256136003104488
0.299790800230791
0.232975288454524
0.264323680050555
0.253609127519332
0.267850907939658
0.321593868825455
0.291388551219871
0.269600992212208
0.248710153072516
0.250214629568631
0.283686252920622
0.268681491654013
0.297156490314456
0.27625311025212
0.325964026845767
0.257425241450316
0.251878423443784
0.224954610354459
0.27766130993783
0.279655139412009
0.329653786865912
0.260167151001547
0.302038494080179
0.236924356809546
0.291073093315872
0.281534380744564
0.230122391543955
0.260231834905185
0.259063428763269
0.243308159743922
0.297498375770384
0.285084508424766
0.21614602872988
0.24471752497102
0.254492640031726
0.310005204430382
0.275033061087527
0.268338607929433
0.25182583902929
0.225005628846544
0.227507006850606
0.24295141811068
0.294056034612362
0.31197206365025
0.272779756289055
0.273270793552808
0.262245865125764
0.278317693871993
0.240509792260353
0.248287447412174
0.277505400332877
0.221200962352328
0.277750546998114
0.261405958972943
0.277103761687038
0.296721604282449
0.291045407962448
0.235920580292723
0.275297525852749
0.275477786849977
0.256149796515412
0.227040239821535
0.26338706013952
0.303482374840836
0.262750704766878
0.232050954130063
0.236700169550856
0.264260586703686
0.268205898501576
0.279804628423265
0.267477315381304
0.265928880439174
0.296032084885143
0.258356207237593
0.246259715520789
0.291769571746415
0.258006023228073
0.277180718684184
0.23501277489109
0.266883139669094
0.23704437715785
0.28232133604361
0.274261623644223
0.273468216950987
0.245099876923355
0.271674337311024
0.231647349806669
0.331715454293946
0.260964890695365
0.228082072174728
0.247831975750931
0.329343757644798
0.248552852154658
0.246620175836751
0.303184914734369
0.290262956786875
0.307735013174367
0.299856888621299
0.252570222633225
0.284275989231307
0.311688906581393
0.277058452970116
0.241564966687102
0.27734487851516
0.315017800620307
0.220997869036046
0.275094955640216
0.281801537886006
0.275773038820818
0.292292985162381
0.2362638046657
0.276641382323093
0.271632853224378
0.288516424444291
0.278946863822389
0.224644236461706
0.250855068742891
0.291425871336739
0.313293478734112
0.311847284996346
0.252193659702859
0.251522688322048
0.246802927632351
0.282502249472013
0.27620614198352
0.239820827550019
0.239239326639935
0.259629832082472
0.272736581281395
0.30536085847811
0.267687178225459
0.244642192570735
0.337845983781484
0.280259260184143
0.26029358655864
0.289389112829507
0.236863402028839
0.303515473039658
0.287620286296291
0.264427552267075
0.234685299733439
0.251154367256766
0.295689914010568
0.273211082567857
0.243051420998271
0.244681631537914
0.304089361963658
0.279843047527406
0.247084317506018
0.293857095158921
0.238285425452605
0.275641824082896
0.323574281303566
0.254957350871865
0.297951032427458
0.310849912615062
0.260298371533139
0.257528996324143
0.322939993515463
0.255888536031089
0.274038425039312
0.323318335533075
0.31067287412217
0.22735659239976
0.254643104876452
0.263199468858337
0.268637400425878
0.296128746099845
0.231441202929316
0.26208404554746
0.251604268270649
0.258266319077983
0.294127960896916
0.271399363597936
0.267683350376268
0.248473475386959
0.31222613326626
0.264911578145867
0.260442913667939
0.290972813043942
0.26694263946829
0.272298949778159
0.291941888016845
0.251619258870563
0.313664593028651
0.234278750217279
0.233588119711096
0.259375252528616
0.246792199536425
0.326784152121368
0.239140473040956
0.242493450932684
0.339863031056192
0.260378638418021
0.269424733657379
0.308672631470717
0.255368769603758
0.243746417820478
0.285297922469876
0.302381340713841
0.235723138330677
0.244477465285421
0.220060895303482
0.322679386392122
0.252128288787036
0.287802274610392
0.254483350526156
0.235220892167589
0.267667083522938
0.258303202794941
0.338230244300055
0.267621934701927
0.271762356050264
0.26253958302429
0.228950957463212
0.259337160314365
0.237857768913899
0.263748099541973
0.231702483469609
0.224784123197411
0.236541971910238
0.255764274831166
0.270325435496661
0.279179099851359
0.287633415864107
0.251216947970168
0.241778937476418
0.262733468516605
0.282097249545796
0.309786626284846
0.260881882429463
0.288354164898032
0.267801294239413
0.282584761727237
0.292802853960227
0.244370132520904
0.242304600741405
0.277413656106212
0.294421981135412
0.278139204573963
0.309208610528622
0.262536368768701
0.272127788452496
0.332833268981987
0.282892238523023
0.291829851047254
0.318869340096925
0.280590351656128
0.236311971738164
0.281339972817228
0.266854871240056
0.275600020213035
0.262904452563652
0.29261178036019
0.309557251019042
0.298205657815898
0.249220853747867
0.221562110372193
0.250463475236956
0.301324133546938
0.266563322441726
0.222817621442546
0.306316028720285
0.285418511191177
0.246697372103541
0.289808847736965
0.301756006931129
0.261550607898549
0.268775607993367
0.272530993877631
0.26258817111912
0.265192880150498
0.267074849793549
0.311825661904276
0.308965263031466
0.284564153623256
0.279782002989926
0.259648992390824
0.249997251899296
0.22003902863381
0.235078245238486
0.234593129469704
0.285300477928965
0.306691588027267
0.293237905693106
0.290501691071796
0.27647633235386
0.269355802209716
0.210209407467608
0.300439392074639
0.252709939029835
0.261644374659825
0.25759376846992
0.239508193621606
0.267909247657119
0.307808864765216
0.23174446371635
0.238833899458349
0.298348468246077
0.301841327748939
0.269596159960624
0.276318347189984
0.22306099575498
0.282824523756248
0.252959805056492
0.211083926157981
0.277332586105399
0.276003530779679
0.246211265631077
0.30591004285543
0.254751833718257
0.276480987960638
0.27843241719892
0.304283545531125
0.263444368898413
0.285407791219168
0.290763589785456
0.26607934570945
0.224250869989869
0.32773350414248
0.317505896260981
0.244827868985432
0.246067568465498
0.24996023698058
0.244447717055333
0.275958691880934
0.307089399481865
0.262987842506847
0.226472662194313
0.248039432557728
0.257438932331685
0.277726339517518
0.288718084335002
0.274093017153403
0.259265447254476
0.278999330303029
0.237653303814255
0.307607232788057
0.237497227075202
0.317540675472639
0.221688883564596
0.307459475659643
0.250267214895412
0.308624815014057
0.30019449874555
0.27756013885393
0.2553958042694
0.283746276374735
0.240762321261969
0.334188891240698
0.244207471887414
0.293985038342815
0.254434379524999
0.293192931818832
0.279458345824787
0.272916982835208
0.257658514676058
0.263921371840662
0.324459764194172
0.342365477443124
0.244083164145036
0.214565263130444
0.247130154976506
0.277131224502232
0.224214520647496
0.295386822503849
0.260577057035607
0.247576084182869
0.285798715677054
0.251208974543083
0.34795209859458
0.313207505363508
0.236450279597782
0.255704873197563
0.268831102505009
0.23151551755955
0.250729263526829
0.302426070356123
0.27265064172972
0.278016049556575
0.257077344694018
0.288270282416914
0.286714365676191
0.262852301202708
0.260838651253933
0.249993197956637
0.240875482861855
0.263246918835226
0.239212192578238
0.222247202242282
0.278684679899651
0.264155023797072
0.277213758874023
0.240524324488403
0.343242111881806
0.326027248113104
0.284479051331031
0.275602884947785
0.308018926472773
0.265724399642257
0.228560168282238
0.251301970942822
0.238549721774099
0.287316139290594
0.308660678857624
0.277986601827857
0.254667349720501
0.287750931037171
0.320540519324294
0.242789690709132
0.288080793500782
0.320535120740567
0.264279957089325
0.254676810239236
0.334095821657865
0.262243633880897
0.305073413813463
0.286476969946637
0.298785993310481
0.241230624026855
0.241880235453177
0.269446941468842
0.256506093296934
0.241393796418162
0.298492544594071
0.270025509003858
0.30262824977591
0.243075174929308
0.265533408657039
0.275241446475534
0.233279967248445
0.327146531184692
0.243276136627745
0.27636948035565
0.259009348058643
0.286817134722888
0.296530900384586
0.281836447042557
0.265811297387807
0.223264891057941
0.251572071587996
0.284009200261352
0.259639619282096
0.243693034247356
0.247236643869135
0.262236474640064
0.352237696910984
0.221570392016314
0.253255257723599
0.273148493223473
0.24757444175586
0.284400701947623
0.257449166862587
0.252261614816555
0.259803884148849
0.236811122732528
0.2178108545854
0.282246362045412
0.259862659886634
0.265762631531603
0.231131800172449
0.257541904537786
0.270733912202094
0.260349236115583
0.272774031878732
0.322368581618058
0.260403482935764
0.246873690422453
0.259271358260101
0.255796894237524
0.264133253949486
0.237470790921125
0.266566512381698
0.306940186070768
0.275107674022419
0.257064078871993
0.256632549975866
0.247772804021208
0.283423247097018
0.300814459875441
0.283442336384456
0.324851010365014
0.27979958306537
0.255682089647539
0.266091616983221
0.235699379721971
0.26504501053288
0.333603475825391
0.265289786311462
0.266478053616496
0.237504383191644
0.250103639984685
0.246774244106374
0.264589627972595
0.234009561473698
0.289119525568208
0.256989120837055
0.285337446767363
0.266265758552176
0.227110469642953
0.239863317498932
0.328873342351785
0.221986554582957
0.258957764735102
0.301145059683958
0.285408080884736
0.276253898218427
0.263963724341529
0.294914039242222
0.277756305095822
0.290860981460051
0.291980797902432
0.324692123836337
0.226010162687454
0.253462005427393
0.275428791509225
0.263469186365237
0.276262648596329
0.270170926891196
0.269965538815752
0.246335151221351
0.314874425467366
0.297418604521667
0.330327520635134
0.278301601393055
0.30727278261015
0.299752796473341
0.26000944834031
0.278456559232951
0.260188133501163
0.242877254190998
0.246918652985685
0.223192667657348
0.282063569096957
0.263082033717263
0.286972480788144
0.331063697099354
0.259626689533561
0.300600411729549
0.29996870154394
0.315506787474177
0.266003797917381
0.259943255113122
0.220347122935654
0.259734137128918
0.239241736231204
0.265602813447551
0.272673811928611
0.278323553034527
0.297361009187146
0.282406831839846
0.290589732966071
0.260078615225793
0.271253938706497
0.304331718659502
0.330157897501229
0.280644591631565
0.274339456779894
0.211810148306312
0.275541456066435
0.269961172395363
0.260595738396465
0.29478644509932
0.300500458486858
0.251326745962268
0.238139832832093
0.23620089832012
0.249842987102433
0.221354572750398
0.278865448798919
0.273082737918321
0.330635302169111
0.234349154036133
0.258340670548883
0.307732812234235
0.234223631198982
0.260654858669724
0.24433763089968
0.239213059901417
0.253762442338998
0.296966095046884
0.269064769043555
0.259746616397599
0.323338716236951
0.252167946605176
0.234771692270105
0.26635783141926
0.282136451443502
0.299035488813751
0.255336577077563
0.293741768064609
0.267868346464428
0.224533257798754
0.232776334925746
0.236964184790175
0.265302575674994
0.284809282747438
0.243748306456744
0.259277245798496
0.291613331563375
0.288568421051521
0.255837566451097
0.25700369474543
0.270056141300134
0.314882525585887
0.254733284097703
0.2795742258831
0.311660647005961
0.276632568234657
0.30642696211259
0.253511377912565
0.291078464951973
0.279604874528782
0.306314039504731
0.271403202606737
0.227495419528575
0.225043289180414
0.294059697864668
0.223443376835619
0.31068278388388
0.262824181283592
0.260474549888276
0.203976616132343
0.282684860516849
0.266735855404061
0.256360594240827
0.291917124851675
0.26635946570326
0.274615675204819
0.306913702781894
0.243679793480202
0.259445811807388
0.261213912679314
0.308228357641916
0.261141245822072
0.248579914606746
0.273792689524159
0.270570213020866
0.294328058453324
0.275907806551017
0.258648462521651
0.352338520273725
0.272740445565277
0.271354030787638
0.269840115884575
0.318744227763262
0.254469826514701
0.265477256416126
0.256078189650615
0.226848587445884
0.298326665143194
0.288084014668743
0.281077346568534
0.264865382212718
0.247959377658827
0.206379522086512
0.297725469654828
0.268226438244986
0.29092690497532
0.31912677177522
0.230716833479807
0.274713076741893
0.269814891115176
0.24606853761974
0.277129240764709
0.306890761963252
0.247833904694512
0.296133620068426
0.285273629076632
0.290369608470405
0.246589467261083
0.241055348986822
0.237466341845229
0.281745555240589
0.261570621740346
0.260160282985499
0.226566357107871
0.240541663556232
0.283097294553522
0.264443741773905
0.277542180270856
0.252162443909281
0.270874108096957
0.276148079773635
0.266836992056011
0.363210463197274
0.2816520880377
0.266532600000642
0.303297233593637
0.281505093667229
0.254003966847958
0.30158829232955
0.265495825841113
0.242023215614639
0.251159720680813
0.302410367258713
0.240935998607789
0.289862803698
0.238218741619853
0.264626610847205
0.272754242340494
0.307913457845568
0.2323570726266
0.312844211367653
0.324050002265136
0.265636207827589
0.229639306849694
0.252171120929799
0.308072342799212
0.241864290627336
0.262181432184173
0.296605719388049
0.297627576348085
0.340857228454243
0.261035379192115
0.285985534430167
0.259690657850222
0.270405874970662
0.267376843047389
0.268670318991227
0.242201629531698
0.276656713705004
0.283334433861912
0.261224523939697
0.228878732217615
0.310208129466518
0.317656724833765
0.25021424267279
0.2509503039817
0.288961495668775
0.265416551990032
0.318711357403445
0.254034560377011
0.260356817647632
0.290562154911964
0.244855984677341
0.28800111625256
0.334858733585694
0.298502336712271
0.26499321149886
0.26552725758956
0.251825968867112
0.311058099743145
0.219222096294507
0.305852601085924
0.319630504847435
0.242200707446152
0.245391551448833
0.266422453823988
0.267187081675951
0.279621865045264
0.281411576718317
0.304535764054268
0.312254437812406
0.287149486445899
0.258187031816112
0.223898527563573
0.252029974454505
0.29086708608177
0.271162750974178
0.277923712483915
0.259351189719991
0.313161990084822
0.237747670369556
0.296281906106317
0.293760830736829
0.2822783951407
0.275921463454596
0.244557220872725
0.22399868333694
0.297926975678608
0.285124867582239
0.27418360157663
0.281364021311968
0.21110571649806
0.285832051522631
0.229475899098864
0.284509465897161
0.293822653426148
0.257688597343948
0.317487152909145
0.263825983133514
0.270720717511428
0.259329808946154
0.238766457040764
0.259212706606246
0.24310396077831
0.266228388230157
0.227141324253419
0.296117478207771
0.267419097574476
0.208442602193491
0.295699483373617
0.255018399568098
0.304740042353719
0.267430080204017
0.278021982526464
0.24934959751326
0.234305207968474
0.27759366142642
0.264677174135893
0.220857370936646
0.273186224869071
0.240492956981773
0.262519619029278
0.351090393678744
0.278354087402629
0.286022236015409
0.240116152099912
0.265246997619413
0.238242341669849
0.28444727427182
0.243210113704573
0.28891082024468
0.261073423976456
0.222725628261455
0.302153984690095
0.241147779799054
0.313259099290745
0.315468273752074
0.227508614535369
0.28506135406641
0.297935079983108
0.304044765869989
0.273476794482416
0.29452216437339
0.290687277680173
0.239582366038883
0.261787222950268
0.25694273846588
0.284652338179657
0.257754777265944
0.252996737835603
0.224680644334322
0.268907819089066
0.322857174363467
0.288926500151909
0.22075353840547
0.229559076153983
0.245791561987513
0.280813827972434
0.2644496225506
0.26153080155758
0.239163111683149
0.273008425600275
0.299039506905324
0.268374173425928
0.242912763062987
0.22091259677186
0.303852931617128
0.303387191038058
0.26816753864033
0.246334536223327
0.2220666440135
0.284116144850226
0.217973259583311
0.220511585571528
0.316829379584801
0.272438755875167
0.227829737197076
0.245825727344608
0.237060221525869
0.260712028441988
0.301619738740952
0.299221352085446
0.319817388852906
0.267123795293876
0.219073616518709
0.294995116153817
0.294446313325273
0.255729081485454
0.371357953730284
0.253085772570311
0.29585381735802
0.337296740614889
0.243123167873492
0.259159352837735
0.291787628483754
0.330341856986034
0.251766161140947
0.319470474249042
0.2728177904791
0.262406988124616
0.272644357985698
0.254894514728784
0.293848068556895
0.343848782505178
0.249658298771403
0.264043426226003
0.30579681070357
0.291885472728747
0.243857620042517
0.319099722941636
0.276093838277334
0.296804180873952
0.2537319680406
0.350474670829925
0.337704089300222
0.310289075392557
0.354362411439047
0.27657011151643
0.283008634133299
0.265298366862237
0.218665789668537
0.335378315930147
0.261992964808472
0.30925247369686
0.288087782019737
0.26865969307499
0.269425355732564
0.238360639080402
0.286166698211889
0.256284890752159
0.306754473326059
0.325820539596831
0.288463181621517
0.266891545909326
0.288687488061421
0.306477895852767
0.282315291409245
0.238080207495599
0.253323645408468
0.28022107643395
0.245866997917622
0.274992161927405
0.256098599299342
0.256966472507029
0.248303982901187
0.2939272287461
0.268181139917632
0.280678130208109
0.277808988748552
0.288799241557329
0.312649853323204
0.286442866716614
0.318838331937307
0.246411560499033
0.317708913548084
0.234344385515927
0.247061087178401
0.286457373578551
0.248116192466936
0.229569933714894
0.283311851535279
0.285214872307656
0.308435628302095
0.263660040721349
0.249064215396448
0.375906995823458
0.250944338753775
0.245868651811681
0.247120129001698
0.313442788561199
0.259865340480419
0.229975538534599
0.262577281542357
0.262216456512686
0.246538052648058
0.242011945829343
0.246560945831138
0.323845065229021
0.384084337067291
0.314003220639852
0.230076389030769
0.32388741136277
0.291013862455705
0.262598503688069
0.266247335857755
0.27358733402423
0.311172805104936
0.253084790166485
0.278565838249715
0.234914603958092
0.244074133837402
0.266482122069358
0.258779800846184
0.239422185528554
0.356679241055463
0.222710357024064
0.273281929486659
0.257169908759547
0.272149284806235
0.264325876039081
0.254909688465452
0.310201571419016
0.283252735863034
0.297448793258777
0.315652556964337
0.263144941518866
0.375008218626829
0.279392991470323
0.24984548280151
0.28246040564081
0.231883381547167
0.323985412375474
0.302423915406422
0.268026298391776
0.242964747418167
0.281639134340027
0.303127103668738
0.219030203465406
0.246934893705692
0.251517844944384
0.364116667589644
0.258319838183138
0.239745495177611
0.21660538139721
0.301698440872109
0.234165416029793
0.326226434220541
0.25955375304371
0.272448449826233
0.279033781081341
0.320411872487922
0.448911622668828
0.266418358407726
0.222937796705792
0.291156911795033
0.305559394051478
0.293368437446468
0.241157496114932
0.273301374446323
0.26218201942658
0.286724167142122
0.361184361933686
0.262443991889596
0.305737190599676
0.298836241655192
0.274195590235659
0.351830843761538
0.343115170015797
0.262779006978399
0.296805520570084
0.236466461546215
0.369534162296038
0.249385245185277
0.246055213605001
0.235246894190336
0.336393405344228
0.255065902939386
0.250436388054953
0.243844783930406
0.318492703596035
0.290777281399208
0.280963689358252
0.309759845072422
0.308691088800995
0.248030032118703
0.237159972364893
0.320398129563274
0.286337558094647
0.298451164345669
0.336391786238396
0.232912752167365
0.266141952756353
0.301015406214978
0.264581348694314
0.232965971135958
0.23249403879571
0.276127826283508
0.22259708480292
0.30913917271409
0.271380365533464
0.276983055958366
0.340061267640685
0.201220824815373
0.305338082252882
0.244434692245435
0.292627045707829
0.279198841018952
0.279971068863339
0.275274134376477
0.257811884957033
0.250570324765638
0.257897070018666
0.282234332315123
0.208019072339358
0.306300386133904
0.281690606849882
0.351723447784039
0.289778482246533
0.29328992222948
0.238993035507686
0.316310229434581
0.243285243855085
0.268175937250583
0.272832167890511
0.283960234577688
0.292010340084376
0.218466823540915
0.23141502092905
0.30353212395988
0.288111529073594
0.247371018860094
0.248151617765833
0.23360746428617
0.318834698885232
0.230545083809598
0.289520307439153
0.274320991604187
0.245383584228721
0.24951510191116
0.306268267911901
0.32207080275157
0.285989375973376
0.27337307481735
0.292853590753514
0.262005715867898
0.347549793640974
0.242626938225057
0.246191349124058
0.23408543327704
0.238611992284325
0.283127221706501
0.240211019255612
0.268924052995047
0.253171071128254
0.290601091688099
0.283392803160806
0.276270273972443
0.305212232286372
0.246655273985318
0.274071429885112
0.328607507759018
0.248512609306104
0.278087235455915
0.317173404446088
0.25082049723864
0.246118205750954
0.231461354912903
0.255432390260292
0.329840800393095
0.243807179957044
0.317517740740304
0.229746962185233
0.289253153941411
0.232158305930053
0.257598438160217
0.223391397249143
0.257898874064382
0.312422705691223
0.251812938928361
0.276057002944467
0.27068817135083
0.274726864299775
0.276294980016645
0.268495290664877
0.335490857861349
0.245733492763053
0.343672195664255
0.239748903301138
0.253761499913112
0.247573459046292
0.321283365056886
0.205003968755562
0.267403839836256
0.287728224440452
0.278907556901975
0.21807282254299
0.279506015985628
0.273481216104592
0.338134552159946
0.298982149166369
0.297295050792686
0.379181489163688
0.2137233025744
0.259520389527987
0.278125342931422
0.330454586113248
0.304151493104581
0.289101603920506
0.284227354559707
0.288209562168242
0.284044177638589
0.261540341597183
0.269542484523363
0.335051099859117
0.268573455640898
0.306576046921636
0.298391495729023
0.248089853364009
0.242536942114616
0.252262247833929
0.23218629830625
0.25065950043809
0.283875224735293
0.304798952894656
0.264726301139876
0.247427659539651
0.314636037951582
0.332360766846311
0.279496449876548
0.261032065154769
0.260952686317671
0.335460761069022
0.211102974840312
0.260438341266753
0.282110615971331
0.279527395475566
0.212935813095511
0.270398273108802
0.211875442479585
0.26487876445329
0.345808044646458
0.224239480551549
0.298981863938431
0.230199184104696
0.303030883994653
0.33715754942789
0.21657491802962
0.279365900917182
0.270250957031108
0.283378296887521
0.368451652865061
0.22733488692162
0.30928660877838
0.251620440558968
0.281473910194685
0.326191695192375
0.29932454607748
0.289956250587622
0.319352473072364
0.287734743519784
0.252363942258496
0.277483647689544
0.267441389413326
0.331147119718514
0.264179862567521
0.298897142434865
0.244065663277672
0.228601400280992
0.323004031492124
0.270934195975671
0.239068968040109
0.224001418000107
0.23180762272178
0.235429298042785
0.294566500311142
0.303246459717404
0.27242169685871
0.266956799202284
0.23718542421102
0.312112307825223
0.232930055663177
0.203429656231185
0.37467944041531
0.283783406305311
0.282754472417717
0.256130209749365
0.252861190514344
0.228923178410827
0.324788944994259
0.223090138763644
0.275792075101681
0.36748404015068
0.250175818583061
0.363712604084137
0.224715710932394
0.260177767036999
0.242413018779288
0.342705849245903
0.293294351087606
0.253781599830543
0.222938877217841
0.264004566705888
0.276240701480466
0.28540630535997
0.2980023248639
0.26114695651444
0.214350362918918
0.226859117629483
0.265462502324724
0.297679140898496
0.235724703986243
0.319968781158032
0.26275494310441
0.262640223422712
0.256944711992791
0.255690917395767
0.253890633653368
0.312727985045411
0.25222510531642
0.285333678582575
0.284448697258618
0.268250753004358
0.284779386317489
0.260937629148077
0.281530600824184
0.261714480003264
0.306348796661963
0.24730835267055
0.29718604735068
0.305427954855217
0.276922799372445
0.221765550929127
0.222505312973478
0.264364094945996
0.231357016661929
0.292833129939468
0.260442256402373
0.330691621790732
0.283109894580424
0.245395924276717
0.260923945812748
0.285271911621426
0.222199901149899
0.252663450971506
0.338994643393108
0.260871048669325
0.26705625545523
0.282743350379348
0.204992360225292
0.242794618527321
0.255402188497106
0.247734366269471
0.275894400122449
0.243725708755962
0.304763451895681
0.308380357901883
0.248599094647337
0.26587401559736
0.24461548073392
0.260725207139095
0.228917096091067
0.278947424851065
0.292101043309024
0.234322243247709
0.334792957401674
0.237899653429899
0.234691381929083
0.324557320061745
0.272199982687711
0.309562858911256
0.235390188426654
0.318180249782046
0.297981374056135
0.244545129071705
0.280194894111514
0.238104869033773
0.312835855159911
0.252801843076778
0.265074257355161
0.28581405954048
0.300188181006381
0.33681104741769
0.301533612162261
0.248108464100283
0.238133103105083
0.281883291971131
0.276254977188569
0.25970447411472
0.243005292721732
0.224390903342044
0.279830628899916
0.254081385838117
0.225360543486705
0.273612443381956
0.235993880692669
0.210913346347374
0.308714598596876
0.270812018855622
0.312154204844258
0.244594404316042
0.229839123222013
0.299072348516392
0.331494754834676
0.275765112381095
0.282824888100821
0.234398966531793
0.32253002081555
0.29630518844742
0.304967355497715
0.281019524407336
0.320643559288036
0.352849501645095
0.311969974675523
0.247138415628121
0.256350677759741
0.258150218011198
0.278598681372671
0.280171707703152
0.236024293629799
0.306635746006632
0.280898933499502
0.274071719168794
0.313407464433021
0.290355565565602
0.308597873139148
0.256333279477972
0.332640741936111
0.205177486837896
0.234005598751753
0.26790185357161
0.211756641661119
0.25381442557167
0.27886683402228
0.226083864566778
0.233565070058803
0.239983009989092
0.369698272559362
0.241948954611153
0.305633193574846
0.242505621156754
0.250036430782848
0.254812186046871
0.288872497030058
0.24819460320414
0.332703674862498
0.223697729318494
0.24461448558083
0.255646837582035
0.302281510223622
0.307626185009593
0.266995906334858
0.270845578578067
0.233029954159084
0.333364663612635
0.264532398233618
0.265319607544643
0.297115158358396
0.286538975461283
0.301832465152805
0.279053609270915
0.26536897801221
0.242188072506882
0.261000790608275
0.272231856366529
0.323322425694206
0.309660059284112
0.301297960388802
0.275640220369953
0.214564366846156
0.301465785658669
0.289845814603318
0.282075205427843
0.272037502137051
0.276711842662188
0.328130901477722
0.300300952139305
0.31468843508785
0.22430102805415
0.245629390862289
0.24391871343699
0.343561773118496
0.266575256188499
0.319113509022887
0.250596494942338
0.285070981817451
0.290540855549741
0.287290665224661
0.31550441891214
0.251739893143849
0.237663571957755
0.249873932659091
0.268093632559671
0.229999402229047
0.283219967846832
0.250488862257888
0.260728513278534
0.241213031685588
0.287172814773228
0.321551665876266
0.30608480272387
0.353529760951709
0.229012869516296
0.225343287285878
0.27592773486041
0.266748532221202
0.273410435961482
0.232606035428476
0.320237345782235
0.291423492278252
0.225973877798541
0.338663628464086
0.293464883755695
0.27119575643184
0.260746466606999
0.266337927189484
0.340904704551924
0.232954991330988
0.297985917096464
0.227732864725041
0.266007355029061
0.214645794713099
0.250408126275049
0.321956454540899
0.183737408364429
0.294969662560105
0.323865829055069
0.307478770347928
0.284636565351811
0.245768033293195
0.284253641067583
0.282577491848856
0.29024923999076
0.259063301894347
0.212848488299052
0.312328068654976
0.23804167590818
0.344157712272504
0.242231490396835
0.314291261317523
0.265391728786914
0.219009984193107
0.240593476789082
0.319983330976348
0.284719210476019
0.308798940827506
0.200506507669667
0.271674640118539
0.248636898449311
0.253759965364565
0.303595336421494
0.249296023345885
0.29166448438092
0.232730052344512
0.240597681272069
0.243495027220135
0.270323676988717
0.258707860467431
0.302530387444533
0.254714945585107
0.28298482831108
0.249873264076777
0.29691963424831
0.266647540434157
0.233614334678369
0.268909393229221
0.292903232980695
0.260285387913246
0.322484574733951
0.377785177320235
0.268595413082928
0.304297523866726
0.26929661086929
0.203111561262055
0.253829130260168
0.234102074977315
0.290661102501833
0.326814266234064
0.315885567874639
0.21075266899348
0.306841440012667
0.311424031922441
0.272293301955198
0.29550461533282
0.326762347266201
0.259058296137297
0.361192693306722
0.335300174280197
0.260372925345042
0.34315828190964
0.240952252247073
0.283927866555875
0.35662390760322
0.268026476968276
0.208759567438326
0.259056265145158
0.271294579275995
0.292948868303779
0.219335645710473
0.285645177445955
0.225520635293452
0.244893648062388
0.259033258317278
0.296914965580883
0.266249885915938
0.29812599316104
0.272477105117619
0.32163294218837
0.243668694126317
0.306563202514792
0.275178548350771
0.276972958754672
0.323326232121089
0.263023985268587
0.253185364526858
0.328250726847777
0.259009762073749
0.386250418817134
0.334913276031327
0.358883822470609
0.214741971245668
0.290713200422795
0.278296227885728
0.295715517519549
0.265088387619206
0.292956037597514
0.297493497813186
0.257273771680365
0.358254495109443
0.299363483052564
0.313036452640864
0.309392387052951
0.219637976711803
0.355101310555879
0.26583483556842
0.233280534138621
0.242417465350667
0.299287965344458
0.239967752685762
0.263897875632625
0.350068988904195
0.379411982353761
0.265075417842498
0.252953110710482
0.258146023741406
0.213645605157341
0.307229271048904
0.237639261137113
0.286259010768842
0.3109688941891
0.255820445728975
0.255199452805714
0.240050171510539
0.249944751774397
0.253977572474207
0.330672640669492
0.312364042247891
0.258324451470201
0.274687495447164
0.267727894572771
0.284688156132701
0.268315070736332
0.282257371960246
0.253105731427459
0.296192412822442
0.267558419012645
0.265252474032809
0.22654673664767
0.238911748542874
0.284773797134568
0.36082749348616
0.333331197874758
0.233014743935002
0.342795339286674
0.351061784977392
0.284133081821473
0.277919767557978
0.285638571227594
0.292077605385709
0.232083037890984
0.230965997365247
0.268922787847843
0.27495140863054
0.249114748624904
0.332440732541797
0.298427783488744
0.252279488098989
0.288073346221225
0.330489914349979
0.235246635991314
0.286622801190424
0.289356283925826
0.282135624166687
0.302275091496321
0.356254499107667
0.26705124250277
0.253251393151899
0.273439478309754
0.264960206286161
0.291956617931922
0.261839448443156
0.269372468551114
0.329701713531667
0.289339675056993
0.280386102325017
0.274787679273077
0.328251651488067
0.238149416972792
0.255338083111836
0.21501532301456
0.311519746193405
0.320887787301597
0.342981065314773
0.363937207805636
0.309552374691887
0.313943259485941
0.255582625717597
0.226427041091243
0.292512393469059
0.264680157174009
0.263326200691025
0.291369136467547
0.300589166257401
0.292286698163246
0.258841763164855
0.246226262248218
0.246854175755678
0.353257867054042
0.290029184395731
0.284751524277292
0.209716896343714
0.277198566471278
0.258200658695894
0.236910138447456
0.273340819075488
0.278455486903293
0.315448340014003
0.396422920928646
0.26905529989309
0.292834668254357
0.289657141088374
0.271472420019752
0.277856755555667
0.33628576534796
0.313968464744382
0.321378923772196
0.276694059212987
0.25414888678691
0.280430473375421
0.252598608762143
0.263806176857659
0.270926351801373
0.268923221720542
0.217220798153385
0.297702563281143
0.255000244870507
0.300763006464385
0.258414862780797
0.290593246537897
0.226487896833563
0.281222454523415
0.286294861217965
0.399824412986726
0.290122105773917
0.25273249132499
0.252011036461278
0.245396048228685
0.305350614542324
0.286822831119994
0.248945565988743
0.289148112743851
0.244168878122092
0.30616271712743
0.32354048705442
0.248842654601582
0.287691880920889
0.265775922984413
0.253154008954952
0.27062024792042
0.251945408122917
0.272567686409963
0.260632390979265
0.233231351656127
0.231148512687411
0.34260685836677
0.318389144410632
0.292362228479005
0.238271894757414
0.254984633881565
0.290578541370335
0.30364072443946
0.307361605177763
0.252948349290479
0.306239793879388
0.544227977318596
0.224904761705823
0.251838849462091
0.334984962225865
0.256044021728159
0.36786381230157
0.265156259954029
0.249376973772651
0.27681925996927
0.348462158375917
0.320117873752655
0.294649229424101
0.3664231250748
0.384473363481749
0.308231957741657
0.269307696195312
0.269586111892708
0.271233399068526
0.283034787680031
0.213525891006743
0.30942909844905
0.349787642821739
0.365685912016648
0.254663802779825
0.280825780613293
0.24911031997628
0.350659400983151
0.219213222402898
0.245266808098318
0.304416815566543
0.291508600267394
0.207204472919639
0.284882715312697
0.382634255970877
0.266412415833799
0.293741120814598
0.23744291647254
0.269977044778809
0.208067728838623
0.293375191604306
0.285612609923392
0.226468708648494
0.256456478321986
0.201223243826747
0.300456398426723
0.319742428485862
0.269953449918418
0.225630306224735
0.287317232503423
0.238705804078169
0.2853210660066
0.293043292457827
0.252217412324747
0.313472595727475
0.28485610713034
0.262904106657105
0.277354006480548
0.255895734913568
0.237878040497211
0.291962814807612
0.27591868703698
0.270303304485812
0.263664661467069
0.250591362139559
0.2397492393663
0.269794721849272
0.278188576289501
0.264516257919456
0.313539956297015
0.27466756765065
0.261063162290119
0.253748567419967
0.30359111889001
0.307659997022286
0.291002569441099
0.26540417943561
0.269490714656707
0.328416655251003
0.227963512673687
0.219239714768192
0.261226409674492
0.235608544462263
0.342496998727019
0.269455418310513
0.287458384920173
0.281783700517412
0.27206680270362
0.326512196937218
0.24813420117865
0.336567190880447
0.267033595907461
0.264623041862318
0.324335460877738
0.286831537292487
0.256868125555345
0.395477098957925
0.265474593118884
0.269045775107462
0.238443080304049
0.289774819300642
0.364718532177921
0.287889649240644
0.267091034145307
0.22815835395374
0.28612870941835
0.251005797609819
0.267832150139095
0.267627690578274
0.29650332278068
0.247394975767895
0.24776078411264
0.319805751948932
0.350986505352061
0.277145901308689
0.279895022442082
0.256762885230323
0.335994997327498
0.311698698245329
0.230354136314864
0.306482106049158
0.286884545295821
0.27930272349588
0.279160140550755
0.279971615347881
0.272708804329212
0.287629302685525
0.302920095121168
0.232611191425529
0.357697982599951
0.268998530382169
0.323181958933021
0.319521888751179
0.337681508562059
0.280186888734686
0.371620754857099
0.23232332046947
0.294750184719127
0.272165956068457
0.347648204473442
0.221266360371837
0.23096533366985
0.286446209725104
0.252846130230587
0.308663958426431
0.310526706238157
0.265515067128139
0.540364819867309
0.291856813175771
0.326568076801248
0.248490836664589
0.25672600433014
0.261208606840777
0.294765792682647
0.277480989623126
0.310008650366367
0.285388633333183
0.331560796123481
0.22247075398655
0.232285001089148
0.279498891817224
0.315846635340336
0.259080795039722
0.302180893128797
0.255571754350191
0.344561186674414
0.262869481608575
0.245376389691677
0.203867633092527
0.303717828691308
0.213140996352045
0.31737937823068
0.205614284382455
0.264098385635844
0.260656604575591
0.210786090756792
0.235235374606472
0.276529390288673
0.316706401752729
0.348039554518086
0.301049643728837
0.311987129142696
0.327649862949004
0.265629453215534
0.202501748141864
0.270631943156455
0.303073387558369
0.250609400531528
0.29800823679828
0.276001095413189
0.227793636215451
0.229969821334852
0.320599256523496
0.324896606329505
0.2675609727559
0.231498354606894
0.310570820355274
0.340851457036533
0.309999128201827
0.250965816202709
0.254999803953509
0.258575138857557
0.265751761338879
0.267687125590579
0.371649568153542
0.288350808156483
0.249519493068314
0.258427160689165
0.3378399790945
0.251729142967018
0.268947717128183
0.290616978253256
0.270886629209586
0.293090066767257
0.260110624405191
0.261709281858153
0.242219246574475
0.318175090398714
0.277340604913097
0.250761314907542
0.278244582365856
0.320305296075485
0.271152112481272
0.265702562366577
0.267599136542963
0.300454166001656
0.370522944471042
0.309219016976671
0.186966569988377
0.241966298383254
0.302590824974324
0.257759253928796
0.289635020383574
0.227270671156092
0.275298673939305
0.22639058331276
0.293974490238762
0.253394652383078
0.301803747201727
0.270951762904514
0.324601990635513
0.28710633868267
0.29986285319533
0.268853830157319
0.398743589671725
0.280131495260962
0.235028185149973
0.272831466318527
0.293044415811304
0.294454514706696
0.272417791737231
0.320378278622223
0.269551303256192
0.241476715024065
0.333308198138743
0.268355843803438
0.337874445135639
0.285602925611461
0.262193225122811
0.205983725661799
0.230092947385208
0.306020737013757
0.237090528527111
0.284569924551647
0.261852443011122
0.253075461868318
0.254539834730525
0.298323331391842
0.268659314473505
0.243306085900332
0.199029043704327
0.231002788177549
0.301610661021768
0.293078655094074
0.310796232896614
0.201600092084597
0.248909549613045
0.270447839694978
0.328033145605446
0.255432277239192
0.259373312392689
0.299985508703998
0.322941003778237
0.364645165781132
0.254958638971584
0.33094548812014
0.251802288824205
0.278848979524547
0.260673494269273
0.34256103176271
0.301571602768028
0.361330580293341
0.310822884086597
0.23238955024232
0.37201464006965
0.348238853037981
0.350897751242294
0.267108495479085
0.309914530006908
0.227839312929291
0.32283586345034
0.202752092115226
0.252149814878587
0.200922751931228
0.326107439156978
0.276529447453812
0.271055664766547
0.245159081283423
0.276771579024864
0.286960909597037
0.286989106948733
0.27940619445269
0.28360931765959
0.208960863461476
0.295843690267143
0.294680557082705
0.208112315328655
0.272457188202343
0.219081908267871
0.301262263198381
0.275882110898827
0.236082487710091
0.281286766604686
0.395195283813614
0.294709591776352
0.230669131658623
0.270461829409339
0.23744990257444
0.330213860366528
0.288098744625888
0.255833978652014
0.2513082149385
0.278153187554373
0.258230024595076
0.315385054518095
0.316397767773327
0.264556027642342
0.233799369680209
0.325022903900509
0.333993076066696
0.238108408036339
0.250722439699674
0.379121480612053
0.279437430807885
0.364583186104473
0.295667083160405
0.274876860438186
0.230950900645714
0.353863269180088
0.277242247257385
0.32473461164459
0.216585693817969
0.258227066240773
0.248572454581245
0.255553314093251
0.259037143723148
0.227285417486887
0.371237356559521
0.295334475346138
0.307404572477875
0.300566094958538
0.259844691425513
0.300139180670452
0.243098649549645
0.229373553454159
0.288735187424784
0.262254404075204
0.282822144462139
0.287366846079038
0.319126670623525
0.356941463507298
0.293303132314805
0.37492195963381
0.259981799379322
0.295981054618896
0.227549699709168
0.273799129800851
0.289463460667631
0.240100470471826
0.312099038095807
0.215072384251893
0.283924967017714
0.215485562224493
0.238174017225731
0.236597948993554
0.240633094572502
0.273744338643872
0.326342976951169
0.22079359039186
0.236163176519011
0.247489597266905
0.240358947585515
0.234174505880718
0.28008741056403
0.294689038021411
0.308631279618392
0.306184349438986
0.262366745367034
0.246111363830391
0.259106694226801
0.322795081701876
0.306041121016981
0.216405253967662
0.273511521892772
0.333182242641786
0.267518067731249
0.271838409028568
0.33287093214025
0.259069450664968
0.303680599017527
0.273524985037073
0.308320166523162
0.374838489448768
0.298776689089133
0.273151218033769
0.257131548097873
0.416371304482298
0.249104525002592
0.338380811091416
0.267774042553559
0.345114076097344
0.301167666722654
0.314351845916773
0.216834245370802
0.220988517409559
0.236654893659355
0.252729715823818
0.261777133831316
0.27406256407657
0.356831919944354
0.283025967801602
0.205185294030434
0.259922043532955
0.360648407001738
0.310882266536571
0.323890331356509
0.308071455275265
0.225078469259309
0.256089719797312
0.294331989569047
0.307551019923453
0.241768655373722
0.270957876581372
0.279984190904542
0.299950385229429
0.325756831053114
0.289097384999039
0.265074168287236
0.246827771330297
0.252933726104765
0.261923087709078
0.283449557301397
0.304131701820571
0.246385073528386
0.346181512499012
0.283480757622743
0.318428049706667
0.265986773697842
0.252939271886093
0.256197660523558
0.280078274124303
0.299823810730001
0.239807738633787
0.331692544895604
0.312504254475022
0.25370894693721
0.242500330020179
0.224164491548512
0.239095489160459
0.22178124029324
0.210937992934608
0.372437644367572
0.23868120260082
0.275744715250486
0.322508655560282
0.245518713393247
0.241689486285226
0.267682853380941
0.25943027550204
0.279580462020266
0.230955840010715
0.307959950559569
0.275815955775978
0.276008971936184
0.317042137041567
0.244611045100889
0.250700608819351
0.271671753966226
0.261393687522702
0.252557264757588
0.219990015721625
0.366513317846117
0.226197670328705
0.376554304532647
0.277745045981418
0.223579348193057
0.362715511749903
0.292320893113258
0.264144757335325
0.231422025088442
0.303187652796945
0.2729206634693
0.268704719697971
0.363637493150821
0.390403276157285
0.267269905705445
0.259482752730275
0.274364724956005
0.275511312616372
0.328753556312604
0.27338486172258
0.225390213325797
0.282796937090444
0.330347841365741
0.241778663887131
0.307551188438374
0.248293809916918
0.383459688701693
0.260677553408304
0.379665875357353
0.30379494243074
0.238633432113083
0.274147007144176
0.254055767967303
0.386164700039742
0.267588627544473
0.265700496119504
0.283226003087629
0.267100741538547
0.354076102284231
0.2951606974346
0.311090216605786
0.275077557327492
0.23357050418688
0.249324159381724
0.259337408239507
0.253184323226555
0.28349117112962
0.22754388444898
0.239223532095212
0.268550118638253
0.279274055321726
0.280829788230799
0.392564709939605
0.296625036355177
0.290631319464465
0.246258996700235
0.271457075308361
0.227263803655072
0.242218296100105
0.356811588849406
0.34338813601744
0.302184338817715
0.334174594380893
0.264192237768572
0.221490900821471
0.2788571014133
0.249298646276871
0.259976395160387
0.222499951718471
0.279268114965808
0.312044009643079
0.227247840033537
0.308385588919557
0.345996001381186
0.27529011645878
0.232756034164249
0.304527391176568
0.258878559304406
0.290652734986553
0.220439958674229
0.303023153039818
0.30911774184288
0.273904187089045
0.285273501621709
0.226666862617174
0.265581140782615
0.305295181978338
0.269324620254556
0.256750473104661
0.209828345947908
0.338443639815471
0.27501009057759
0.223535070823428
0.351823761766385
0.299714664096398
0.282541173207847
0.35585564395708
0.296906347521742
0.208193894861274
0.23960548659735
0.204333472582392
0.292156581037529
0.214292101180928
0.295972323448794
0.233027559466755
0.314359396319074
0.242314165627615
0.244444476287408
0.224656579908696
0.211981169592314
0.42488232170968
0.276365799496467
0.333325055746264
0.248148833271949
0.280042086320419
0.24462520285626
0.318491437178485
0.246213347477478
0.256369151157822
0.246742165591438
0.31680473713152
0.245228682465927
0.254411296164022
0.215138657025316
0.205247149118209
0.253725228961881
0.332013335983585
0.309198673114942
0.258684517762161
0.26218830596165
0.265520889394318
0.244246510225547
0.266228714873071
0.263138409370995
0.219720105742045
0.282749061852426
0.182853850115323
0.305607347784548
0.265748554942123
0.256672900455937
0.337503170877952
0.23962661610372
0.295425817995777
0.209153944452552
0.260366122963923
0.283829771650989
0.247256616282465
0.363874148538581
0.268018388236886
0.269073864164324
0.256197660523558
0.35630635095482
0.246895620451743
0.286544523130862
0.195981694850145
0.273471084912364
0.304458697512318
0.304868396122306
0.263223089035372
0.268624599169433
0.298737896760109
0.316007268259308
0.25414658498828
0.263490143783203
0.267083460339286
0.236004048530387
0.285993799601717
0.308602557973662
0.273206080529319
0.23567445837711
0.277850064775023
0.285282372665493
0.262670608932922
0.33179455334879
0.284431310550508
0.297135582595099
0.308533770162513
0.247019406705027
0.351279475483028
0.242419255076842
0.301488317018195
0.277407911162374
0.2643079772118
0.337472306020824
0.296875919286382
0.231028027270121
0.265413930362127
0.536233029324116
0.381327859626358
0.254348208203661
0.282425454813745
0.236518050829655
0.314310631637105
0.21802844289136
0.246867208871849
0.300474885271802
0.306674469432397
0.212492375680816
0.25320201355999
0.245618917941448
0.29987538965428
0.265381304204409
0.300497122003338
0.286900941641109
0.393931838353211
0.21291761942087
0.230637178848258
0.3479322846007
0.325012205674625
0.22376558121357
0.340001147257574
0.261291580559631
0.314887811851785
0.245322815743914
0.239144528800302
0.258766309402484
0.283494305639737
0.269958646102502
0.267514121481031
0.254033378326936
0.254907490269623
0.259583139271046
0.344305394822123
0.266006407285152
0.347796527154166
0.289463696470787
0.256397510593952
0.272886979973852
0.294351031746851
0.286158259786231
0.281947995117294
0.298135971201286
0.243278231769902
0.264618860747711
0.282673991371122
0.214119183284868
0.292246705260403
0.254404508482918
0.224212934159528
0.288434940590522
0.254148812931762
0.322777844793915
0.261578252602281
0.279932317931167
0.359008144840017
0.227337783081114
0.313062401493706
0.266652534236303
0.260154479449775
0.278112491232095
0.342443593927166
0.232418675211753
0.240096391578105
0.247008436735148
0.274733955916757
0.350611218373873
0.259620319490193
0.337433302909672
0.211765929801635
0.3350182479422
0.245945244687466
0.242416005449407
0.284525750475264
0.254207253162024
0.317365129953029
0.328258899658388
0.328591842618347
0.283595562767907
0.275176226750483
0.305821770415554
0.208534580132026
0.260173073254156
0.314862239567858
0.310733344625325
0.213158800868616
0.255079236495598
0.260837161400826
0.297169056494371
0.338569688515329
0.223354289215911
0.264944528264529
0.327732066817427
0.250455606019112
0.320945384929918
0.278192448831913
0.259177767672608
0.319144832333911
0.310775606519558
0.319502971539695
0.378883164926914
0.265042288530244
0.536551513028591
0.309487573466207
0.340811976765846
0.221587113116145
0.371262678113198
0.222599144171619
0.381845820669482
0.275742934644323
0.244318147130899
0.297471894097445
0.276748269192788
0.365974246717186
0.23416865464509
0.396097518809808
0.328330461314715
0.258340077244095
0.238069737967305
0.294993227271261
0.294363119705211
0.264995604500777
0.326195324479707
0.312151189713789
0.240155446313486
0.240522511199975
0.287283649642361
0.277988373415432
0.309927672765697
0.258375318441731
0.409326565884668
0.311119948588786
0.228194117745808
0.399543364512798
0.250199470018336
0.255635814197881
0.259863743055754
0.302692946693301
0.329564877531999
0.232052751668308
0.416328353665235
0.379695247256664
0.224510964916712
0.319502244513728
0.271391176932727
0.285638383095683
0.303922329445439
0.289286733910192
0.297944021780396
0.262239981328498
0.269656754375362
0.258857161098854
0.275665510530724
0.293136823324722
0.318085147655231
0.289781865266501
0.238981613634172
0.316287772034094
0.376185933916625
0.320069396463532
0.262372464894586
0.241896675986812
0.307912734041429
0.28746759971406
0.303173227619165
0.267308433188429
0.221503427195103
0.261710162193881
0.301338128716
0.271112877050525
0.314659036787613
0.276849565724293
0.296650027550177
0.307938495179724
0.267089063784227
0.24941896737034
0.28100164294689
0.238857864435305
0.334567728619461
0.332166731386878
0.378629561355584
0.294420283977892
0.275787052756837
0.287220616580228
0.270481572119474
0.305715459421085
0.237013428395087
0.199219785255162
0.288532542672903
0.233049172293345
0.249278525049017
0.343609677932783
0.192051848597834
0.284065055806017
0.279389112025355
0.292029654329118
0.211148019555449
0.275136646116167
0.279572927076274
0.235237458204078
0.233717481844589
0.335602643824715
0.281232259613589
0.2757958848238
0.272821529751628
0.329552121537164
0.262422691885332
0.282530942171647
0.357846131456879
0.295515502739383
0.318883679067683
0.375597511957685
0.261961194965425
0.214726390483672
0.239533738968197
0.32607017949016
0.31332004281353
0.212435967289362
0.379601053003466
0.241431376036576
0.275550146111214
0.268811033249947
0.416189055080139
0.259208771348425
0.260061865885787
0.277519856128625
0.25070134598042
0.402265999021322
0.308607901873668
0.255108204280922
0.229931836774187
0.246161573454459
0.330021399649843
0.389319220025517
0.322538627248312
0.312170169321193
0.31319799791828
0.22115553559403
0.243364764426364
0.251148585558668
0.246607664222638
0.27670366856462
0.240693412818378
0.257983381064135
0.272662295552506
0.310911079326449
0.231437835894084
0.24508015184166
0.241323382906903
0.336364833957909
0.298876692087158
0.245949025857516
0.247807356973464
0.351425995350832
0.3119903082182
0.213370170826051
0.226483916961387
0.286740607687555
0.265526060901141
0.285154917850854
0.249424346335764
0.243592280010462
0.385317892236026
0.322501884539139
0.291030311902466
0.356738317733956
0.249383025497657
0.26754005791641
0.260783857573616
0.287703133369289
0.270782991669755
0.242423810242867
0.385434239432392
0.270704161043711
0.311189971221301
0.287999996449942
0.287273289716138
0.237237711194426
0.291734708429353
0.260288548414533
0.354498600152695
0.352124398813287
0.322267102831226
0.263214075047213
0.234296962641784
0.315643012553665
0.280907613863308
0.302683620534915
0.255729298527638
0.400535260843177
0.306707442144928
0.364434367699723
0.273062799347841
0.23300752300647
0.24567319372814
0.284118469024315
0.406324583971404
0.303283519179427
0.250295415515212
0.210384794230441
0.262244556231628
0.251010716352274
0.343851135480181
0.284243721087806
0.303571479167531
0.280262642971684
0.408836809797189
0.245522779304018
0.318616456143542
0.274768523203507
0.382029479455152
0.268049678585153
0.340798945352584
0.240429332719041
0.223431586138672
0.356915370386125
0.305144566791693
0.293336137797152
0.295922659202503
0.269609589390269
0.375423486510319
0.278172418516848
0.224102513001908
0.285190257746426
0.297691494963952
0.260618531383626
0.297317755990609
0.197627632324585
0.341544792935817
0.266120670249873
0.241172405047496
0.366120840852463
0.292519682115973
0.333812545806191
0.285622852689434
0.229187512984501
0.369419872783789
0.276171839054391
0.22278990817364
0.249156950536874
0.188884298438671
0.339997359684539
0.318343501950262
0.536401454344959
0.362664234065361
0.20730838247468
0.267191811181973
0.329074382933018
0.26700996665181
0.308420382312691
0.255346161673568
0.222409036169982
0.35660983909371
0.282147803396518
0.315321741380166
0.335476462948299
0.21688994235179
0.346199257251672
0.280510665714428
0.275173755836699
0.233821522725915
0.267425401647834
0.226888422173127
0.329758188448551
0.213566801185758
0.26379094449067
0.319408566630525
0.331758667481017
0.249488339110394
0.22036152992003
0.30868511246844
0.26971015719219
0.537953735735757
0.394079482993329
0.382813912418871
0.310552934490203
0.226576446754087
0.290152392290154
0.36003731064839
0.303440662877559
0.222631287897872
0.303780103205396
0.273262115172652
0.215004505925285
0.253011843503893
0.272674662190624
0.267901696192806
0.362674981751916
0.262151827292784
0.253011171541944
0.273726507842272
0.475869723364035
0.343508821098842
0.297459415470184
0.295364365377399
0.308568679652643
0.285239723594853
0.262891705321569
0.253827377769038
0.268990087260045
0.292740865184689
0.217592059119525
0.250083249317687
0.206333707195762
0.248348208970124
0.258024627982352
0.206375327664229
0.31278170462545
0.344545691481043
0.329946455147168
0.280808055562092
0.280227268388938
0.308441197130859
0.260363458916365
0.284133803669063
0.313924768577891
0.260797558987315
0.275505002089953
0.291487220735187
0.240556864796259
0.208408906897729
0.275425789455057
0.338113516565413
0.391198718823697
0.254447420296468
0.305403843009411
0.327622845566406
0.264604544805127
0.303470723287341
0.2438127909453
0.325146757965372
0.314674165695453
0.242369302379568
0.249509140934515
0.244796973432741
0.27075383652568
0.262073017783273
0.20088442254581
0.232250398365218
0.295559410645176
0.306962917461581
0.323661232085605
0.320861979892171
0.24870869599605
0.333595272146492
0.253649777347353
0.331135712400438
0.297630621451367
0.303418337641869
0.238357394918595
0.326490072889329
0.299856490697608
0.330016711198233
0.288941014508847
0.272722737124622
0.209209831371749
0.269650726412355
0.285546663035869
0.311027480615054
0.297827704267213
0.258053633225056
0.251324806233276
0.204651371101338
0.25551916623032
0.239055691376951
0.346952675543659
0.303515168651875
0.305819176958145
0.271167214431563
0.22472975843452
0.310988080646361
0.263060370394824
0.218891220900809
0.266262705152492
0.361771141732719
0.360924468799852
0.36296097265322
0.283157759938583
0.242029808089952
0.253185476292641
0.361078217361574
0.216362222873675
0.314841708031922
0.24594407216942
0.312376350136388
0.25104945155355
0.273461177213711
0.320539356725986
0.360536263104199
0.330743276911007
0.317996946908819
0.279499414466042
0.372099738463971
0.347488421386559
0.234479953265622
0.210034652854806
0.261875052298287
0.245457880625386
0.359857410996089
0.243348661011196
0.434757655258251
0.294244937371381
0.35394748923409
0.253808438287978
