39522
40553
40760
30049
39465
39289
37832
33088
37508
39632
37961
37466
39206
37529
35207
41048
38127
38244
36713
40730
40232
39624
37527
38941
38566
38137
35882
39628
38900
39367
36731
39798
40156
39983
41698
37417
39829
39070
40667
36959
35909
38987
37509
38753
39267
40506
37917
35858
38912
39011
39153
36000
39017
38209
39249
41505
41917
39168
35634
37910
39181
39201
35545
37949
39802
36711
35628
37459
41387
42624
34776
40142
38629
37740
37003
35390
36609
38914
33619
41614
37060
36247
37926
38954
37042
41671
37869
42123
40403
38142
38398
38881
38248
37425
36963
36482
37052
38873
39444
37080
41836
38056
37613
39504
37917
39565
37144
35479
38559
37259
40570
37149
36381
35316
38648
36991
36456
37872
38300
35080
40293
38043
36446
37001
38889
38533
39501
37012
38975
37271
38482
36883
36331
35730
36344
36732
38525
38878
37153
36443
38631
39363
38476
38849
38423
38422
34727
37564
37682
39965
37041
39146
34662
36504
35553
37535
40229
36991
36640
36757
38764
36935
37505
37110
41231
36687
38935
37081
40137
36321
40610
36620
39182
38955
37313
39404
39750
36594
38160
35834
37094
38123
38703
34259
40846
38506
40099
40560
38462
36402
37975
38090
38980
39603
36871
36501
40562
38078
35773
42045
41105
41353
38645
37476
41682
39951
37640
40470
37631
34696
38581
41282
42347
37711
38823
34452
35383
37220
37917
36787
38811
39051
38900
39158
40634
36377
38637
39056
37356
39891
35427
41579
37252
38328
38454
39276
39072
38179
37970
36983
39107
39324
38841
36743
39983
37623
40892
36712
40286
37775
37903
40339
40255
40222
38811
38540
34161
38509
36666
40457
38934
36597
35894
39289
35361
34906
39357
38009
37395
36615
39052
38042
37775
36275
36909
37431
37021
37779
41732
39358
41009
38343
35991
36061
35572
38461
42289
36466
38567
38930
41504
41513
38664
39581
37378
38482
41039
39005
35304
40369
39539
40209
40448
36841
38850
39277
41625
39374
38849
39849
37570
40774
35671
36729
38438
39059
37327
37843
38462
37436
35420
39792
37540
35659
36783
38901
39409
37298
34604
38196
39077
38579
33774
33138
37655
34975
39549
38399
38725
36749
40387
40931
37940
38035
36446
39440
38061
39036
39700
37077
38888
38918
42140
37129
37119
36885
38204
39109
39717
34625
38152
34943
37467
40932
39183
35749
40876
34920
38030
37535
39765
37188
37695
37058
37330
42746
40359
39806
38102
39856
37438
38080
40333
36902
35424
40871
38151
37568
36314
38792
35620
41108
36993
38074
36445
39721
38481
37352
37574
39832
36695
34853
40643
40572
39493
35628
37073
37479
40721
36249
37841
37746
37473
38413
39903
39344
41165
38410
42481
38338
39595
36676
37914
38164
38073
38783
38796
34463
40612
39489
36803
37585
38145
39204
36419
40102
37824
41278
36812
39032
40817
39788
37091
41751
38935
41227
37769
39405
36712
41830
36468
36801
40145
37394
36617
40116
38221
37538
43643
38098
36442
40422
42283
39843
38468
37587
38004
38949
36559
37923
38508
33775
36562
39002
35995
39945
38399
34795
41006
38364
38046
41693
37178
40980
35607
40565
38781
35526
43369
41739
38760
40009
39318
41229
40727
39712
40686
40446
38714
40049
37957
34133
39805
37605
42415
36894
37042
37704
40796
36839
39730
38953
41613
40270
35369
34302
41766
37485
36138
38626
38590
37116
37375
35517
36342
39734
37865
37816
35755
36198
38358
38074
35945
42414
39298
37065
36448
38022
39131
35615
37396
36691
40147
36428
37994
37565
34764
37805
36328
37639
39228
33902
40848
36551
39978
36981
36916
37620
37597
35892
36620
38384
41127
38289
36184
42821
37603
41688
37576
39717
39215
39941
37974
39444
37617
37887
40573
35186
38106
41259
39288
35563
40308
38506
37152
36045
41433
38266
36592
37306
35948
38643
36925
39797
36996
39256
36320
40880
42599
35591
37702
39886
35673
40618
37613
40938
38568
38272
44563
37860
42116
37027
43456
39305
40225
37288
37122
38816
37585
36677
39718
40174
41841
40387
38447
38078
38201
40006
34807
35528
36240
39515
40251
36005
37321
39849
40253
43670
35347
36247
39842
40490
40829
37609
36392
34514
39955
39093
39974
38872
42563
36342
40302
42862
37142
38995
38853
40279
36659
38971
35768
36134
35143
38891
39334
34043
40767
38098
40371
40107
41287
37373
36185
44982
39605
36662
41052
39131
36976
40206
37448
42662
34092
36116
38730
38052
40162
38040
40502
37468
37326
35316
33663
37322
36519
40737
38312
38120
38697
40785
40376
37342
37878
39676
39073
35971
36697
38149
36688
37733
39257
40400
37374
40775
36210
39156
36522
36675
40606
38941
38063
36622
41241
39850
38075
39961
39101
39948
35677
37950
42296
36327
42264
37372
35568
34880
35737
38550
36074
38877
40214
34966
37905
35611
36843
38162
40907
36995
40382
36288
43117
40470
38201
37676
39569
40328
35765
35073
40081
36452
42068
41183
36220
38905
36070
34837
37998
37881
37275
36373
41145
34826
36669
37353
33812
42506
39060
36069
40642
37498
36456
38337
41946
38481
38317
36730
39438
36248
38755
36140
36004
38102
34339
39103
40425
38619
38184
38376
39252
41708
37219
37990
40749
38357
38323
40729
39601
40906
38994
40053
39139
38645
40489
40897
36331
39443
37646
37866
38559
34629
36038
37681
36781
41132
39748
37212
38549
37871
39863
40236
40190
39573
82430
37527
38716
35162
40568
35763
38743
40339
38199
44821
36500
39617
37925
42109
36052
38953
40272
39834
40062
35829
36957
40219
37116
35483
36316
38448
38923
38440
39262
36544
37351
37156
36598
36440
38792
33480
38556
37308
35771
38479
38975
38101
38282
39977
34440
36166
41324
37597
36701
36454
42186
39053
35094
39605
39162
38856
37838
36075
38240
36559
40498
38866
39109
39610
37024
39983
38249
41140
39159
39921
38406
37751
39450
36928
40888
38421
38318
36340
38359
38316
39317
37797
38641
39429
35646
38077
39670
39494
37298
39213
37068
41512
42304
38554
39674
34574
39122
38146
38352
40650
39344
36795
36714
42157
35767
41368
38615
35486
38387
39399
44178
38500
40724
40437
39921
37865
40436
38148
37485
34318
39258
36850
38401
36817
40226
41173
38360
38968
40010
41976
36955
36233
37697
36745
38155
39816
40304
36476
37100
39598
35306
39760
40109
37907
37068
37770
38745
40302
38088
38679
43055
37129
38504
39544
39350
41821
42811
42220
39335
37481
38428
37420
40513
40070
40613
41459
34737
39331
39456
37867
35556
36950
35094
40542
42083
36426
36925
39036
41744
35247
40590
37178
38117
39880
41786
36098
42436
37068
38014
38634
39595
40308
40364
37827
33080
37475
39611
35436
39332
40423
38397
39368
41056
37064
40363
38444
37066
39220
38351
38531
39280
35715
37214
36488
36484
39903
42363
37704
40112
40934
38335
35373
38999
38650
35947
41920
38483
38633
36816
37381
40332
35563
40176
35945
44860
39687
36784
36459
37214
34799
36150
38092
38892
37500
35968
38994
41705
39007
40862
38958
37724
41156
36145
37812
34714
35558
38967
39014
39437
38193
37096
38314
37889
41305
36940
39748
41399
38237
37273
37365
45099
36162
38440
33966
40431
41799
35469
37183
39130
39879
39137
37505
36737
34726
37724
42231
38544
39869
38170
38131
40140
37169
39182
34948
38155
37901
41401
39089
39669
40358
40883
41924
36890
39809
39643
41800
39453
33793
39027
34337
36827
37852
38503
36294
41694
35624
39134
38604
41279
39069
42512
38331
45805
37803
34177
40937
38663
40799
38131
40198
33686
42439
34884
36369
39911
43420
35866
37385
39742
40251
41357
39881
38327
35645
36391
36613
36818
37930
38269
36462
40824
35444
38812
40619
40479
38723
41724
38704
37128
35909
38065
41985
39141
35651
37312
35473
42578
39036
39140
42991
39809
36760
39827
40591
41414
35196
42070
44119
36367
41685
39435
40143
40017
41170
39432
36470
39234
38400
34955
38488
36616
40818
40026
34987
39444
39503
37011
37988
36833
40220
38433
41426
35552
40505
36884
41939
39463
38992
38489
40455
39732
35326
38786
39675
41793
38688
39468
39863
37989
37535
41062
38964
38763
40323
41086
40854
37333
38474
39095
37393
40350
38040
42111
37836
38760
37388
39025
41612
38288
42386
40198
36670
36847
38653
40362
35421
36778
36509
41402
40990
41242
39488
40000
38508
38229
36466
42319
33740
41546
39981
35061
37702
38097
38523
35458
40562
39755
38432
41172
38224
36120
40785
38736
36816
38515
39385
39282
38610
36283
36111
37700
36012
39235
35883
35950
36785
36752
47607
39493
38972
38195
35647
36678
41064
34694
39850
36003
38811
35268
42643
38856
39629
40083
40458
40577
41697
42985
40908
34712
39733
38529
37905
39966
41474
38142
38858
40596
40582
35827
36025
36539
37510
39875
38432
41945
40613
39285
41630
37715
37647
42942
37950
43849
37526
37141
35319
38145
40900
34108
37824
39235
37468
34476
42051
37011
39995
39838
38051
41572
36632
38048
36925
38131
40599
39934
41348
36317
39663
38459
36956
42532
41029
40149
37117
40191
35892
37065
39593
40231
39876
37619
36953
38399
42403
34520
39775
38012
39572
35151
37211
41379
39233
38650
38766
38219
35617
37856
37797
36397
36376
40047
34231
38512
39008
37140
40639
37753
38409
39558
39806
41115
34622
43904
34372
44101
37236
39358
39675
36770
35014
40565
39466
36062
40103
40781
45252
37165
41519
34608
42445
39319
38193
39329
39397
35489
34024
38009
38594
39137
33667
38554
38543
39769
35369
36057
38015
36521
36757
35933
36725
39717
35630
35753
35352
40682
37220
36152
35624
36365
41295
38643
37162
34172
38924
37685
37097
40557
38558
34714
39638
35445
38726
38839
43371
37306
42587
40120
38178
37624
40752
42096
39159
37270
39370
39350
37141
35089
34194
37243
37971
39180
34750
39291
37207
37776
38192
35403
38022
39257
36163
44372
37200
39126
37683
35102
38403
42553
36711
39219
38986
42143
39396
41443
37675
37921
38657
42800
35996
36036
42228
39504
38983
40743
35870
36366
38956
34064
39726
41369
37833
38441
44225
38054
39624
39344
39501
38567
38243
37606
41922
37121
39803
38632
40582
38767
37207
39286
37497
34578
33477
33054
38714
39185
37598
37024
35655
38035
33340
38730
36512
37255
37033
41196
38866
37580
35662
39380
40159
42026
40337
37032
37758
37523
40600
40328
40560
40720
39799
34055
40173
43004
38854
38338
38030
46063
42871
39072
37324
40476
38134
36145
39203
46758
40384
41482
35103
39044
38308
43806
39418
40946
35857
35716
35630
35190
40813
41371
36734
37409
38844
35579
38443
37155
35649
38873
35970
41025
36514
39002
39314
40386
43166
39764
40825
38356
36652
38597
36416
39044
39696
40244
41694
40169
40318
37122
38436
40628
40291
36586
36354
38552
39864
38049
38565
33729
38803
38557
36113
37222
38913
37427
35652
36116
41509
34973
36948
35807
38735
35137
36892
36080
35265
37813
35522
39298
43701
37619
40086
40915
38830
33745
36321
40180
33479
37825
35437
38013
39915
40605
35592
37630
41737
36459
37602
38316
38969
37169
37184
37802
39384
35867
36062
37713
34010
36413
37968
39215
42763
41401
40969
34542
35962
42160
40141
38332
37743
34723
35113
40229
37315
35105
44600
41094
40445
39044
35774
36980
38551
41137
36389
40416
35903
41803
36759
35875
38861
37764
38442
38306
38560
38681
37241
35550
39860
40572
37965
44770
44739
36477
36356
40044
45759
41426
38489
36786
41072
43720
34236
40412
38704
41656
39089
37936
38461
40264
38039
41736
36749
37126
37906
38699
35903
39397
37242
38228
40518
38007
37349
40180
35876
36418
41659
38635
40067
35258
37945
38427
39367
39959
35377
41683
38057
41963
33581
35536
35784
41886
38048
40639
40165
41120
39157
34118
39068
37218
37881
37736
38673
38625
37682
36082
38587
38518
36345
37558
38619
37987
41495
38221
39756
40899
40937
40295
39428
38726
38308
34241
37348
39570
38549
37814
39889
42189
39125
39792
33549
37404
39443
35872
37491
40778
38371
36531
35182
43751
38630
36623
39856
38512
36218
41485
37874
47266
39059
39876
35197
34011
35378
38338
38997
40706
42148
43634
37684
37502
37535
38410
42346
34305
34580
35361
39743
35287
40388
39560
39486
43061
46151
36832
40062
36714
36517
39205
34896
42389
38459
40848
37689
39568
40014
39248
40835
35577
43664
39483
37575
36862
38625
34496
39391
37007
40281
37418
39856
38877
38299
39718
33295
36807
40318
41141
37036
43771
35706
37524
37697
39346
39818
38940
33359
42788
39461
36602
40242
38716
39293
41267
36856
37482
38821
43162
40599
36456
37575
39912
38406
39398
35978
36912
35394
41140
33623
36726
36139
36918
38623
36312
38402
37479
37365
44729
36919
35166
40334
40085
39778
37345
38304
35955
36921
36355
37087
40710
38768
38661
40655
38318
34684
38320
40539
37652
44218
38168
36723
38916
39253
47231
36948
35997
37318
39191
37833
46374
37783
37655
39390
42796
37531
40280
39422
39115
39306
43106
39967
37787
42290
36448
39608
38877
43259
41396
40837
39028
40831
36432
40815
41084
39072
38004
40015
34955
38884
37139
37510
38803
38875
39437
38918
35366
33346
41029
35901
40107
41391
38358
36693
38088
41965
40809
37018
38117
35153
37197
38197
38651
33893
38195
38148
36954
38889
36997
39684
41259
38487
39681
43335
40941
39103
37746
35315
35311
38994
41470
42017
36889
40835
36307
37095
37919
36242
41289
39786
40436
40302
40578
38314
37081
41769
34583
39319
41189
39293
36686
40567
35532
37320
36992
39663
38841
40646
40260
35633
37414
33275
39683
36968
38872
32965
35247
38614
35387
39212
38248
41699
40499
41640
40876
36365
39537
38333
36717
35139
38885
40108
38259
39591
36053
34347
40277
37343
35027
38650
39372
41526
37411
36838
41582
39501
36280
41487
39696
42970
41179
34927
40886
38306
40721
36369
33603
36666
46458
42476
38471
38497
40098
36115
42772
39617
38637
36725
36005
38167
39504
42446
37043
43751
37151
38972
38836
40172
34906
37293
40824
35477
37722
39178
37604
35096
36598
38234
39364
40865
46674
39416
37940
36947
42299
40221
40179
37950
42406
32333
33318
41306
36688
36632
35041
43318
36443
41692
37297
40595
40496
34656
39789
37260
36967
37543
38702
39729
39756
37992
39543
41145
37776
42023
37578
39003
44738
37592
38988
41773
34895
40468
38386
34415
38579
43382
38843
39723
38823
38919
34752
38279
39886
40695
41090
35905
37560
37338
40257
40606
39866
39450
37007
35754
39657
37922
36568
39935
40032
41900
40200
41748
37106
37592
39227
36872
41456
37004
36996
39534
44430
38287
40352
34457
38383
32960
39678
36880
36776
35911
38496
37937
42240
40649
37176
37598
38483
39726
38830
38687
36564
34540
40979
39771
39460
38437
36934
35274
36587
38954
40183
38297
38756
39742
39728
40198
39151
31903
38001
38738
41569
35757
38638
36225
39109
42497
37188
40201
37994
38148
44788
38966
41605
43184
40552
37595
37435
32650
40490
36251
37760
42198
40018
37169
34575
41201
41012
37947
37007
37256
36958
35110
42420
37063
39250
36254
36767
38872
36945
37058
41356
38420
38784
44080
40956
38292
35729
35193
38037
38626
41153
36294
39577
40315
43735
34470
36289
38982
35786
38968
35369
41914
35104
37382
39125
36474
36698
35079
38478
36921
39609
37022
39535
38155
42200
39562
33749
35316
35777
40656
38725
42483
38076
45817
39210
36936
40245
44289
37316
39516
39449
39214
40574
46634
39561
36565
37687
38251
39693
36394
38743
43500
39090
39695
41829
39402
41585
36285
39214
37765
39924
40661
36500
36521
39509
38661
41030
35689
42308
35446
39971
38900
37142
37869
42751
42369
41776
38567
39955
40666
38621
34741
38012
37436
34425
41994
39596
41384
45019
35250
39323
36305
38957
39285
40379
38064
39985
37243
37703
40297
36347
36339
38265
39427
34603
34757
35592
41250
39606
37566
37153
41930
44254
37994
39052
41466
36327
37401
38523
38504
35018
38574
39876
40619
39757
38595
37992
39663
41233
36221
39891
40832
40189
40899
35760
35751
35715
40394
38926
37904
34958
39619
39422
37801
35680
40068
40143
33658
35971
37838
40109
38903
44002
40166
35492
41361
37865
39313
40470
40438
35530
35721
38327
37895
37489
35511
39143
42269
34360
43131
37551
36551
39948
35740
35740
38872
42050
38622
38739
36709
39349
37514
40281
38386
37949
39561
36793
35382
39006
36886
39488
38842
37672
37546
39574
37520
38470
37383
42252
36197
39772
34318
36919
40761
48153
36685
42170
37307
36392
36680
36937
37849
41367
41167
39386
37433
34584
36016
39349
37287
32181
41496
35531
39290
40280
33362
37784
37302
37023
39507
34369
34225
37357
43131
39401
36647
38377
36481
40382
40282
41567
33832
38702
45974
35169
39033
37733
35209
38401
35979
40086
43699
40651
44295
34476
38576
37430
38147
34452
38878
36182
38880
36992
39676
39845
44350
44930
41137
45722
36936
38389
40417
38431
36780
34490
35593
39534
37407
39285
36890
44326
35747
38059
37139
35564
35318
39390
37292
43293
40016
41552
34346
37083
37895
38940
36950
40414
37656
34621
36864
39014
35082
33809
37470
42161
39640
37230
37644
39260
39981
38088
36184
36599
41091
38237
36107
38567
42682
40578
39535
39031
39357
36883
38839
42633
37426
39780
37826
33488
37899
42389
41364
37236
39945
35597
39926
38190
34595
40497
34708
41422
41048
36173
40810
33915
38309
39273
36408
38092
38271
40476
38583
35635
36129
37697
40333
40832
40921
44320
37233
37910
37927
39841
35370
39770
38014
37723
43677
41860
37326
36380
35359
36850
42562
41126
38591
36261
35307
40242
40893
38658
38988
37852
37251
38477
36258
37506
38709
37934
40259
41247
39442
38600
41219
39008
38012
37325
40071
42171
36045
39589
40058
45463
38704
31078
47715
37343
37757
38710
37889
36601
37317
43301
38127
40531
39424
44878
42045
40138
35494
37123
39560
41303
37227
37591
39718
37404
42792
43626
42899
41418
36164
42746
39140
36573
39965
41097
38618
40389
42710
39732
36866
38784
44192
37465
35280
41050
37744
42297
38765
39793
39353
39366
36579
37098
42206
39791
37813
40844
36769
36908
39986
34095
37867
39833
36944
38805
44002
39717
45295
42312
41325
40542
37035
38150
35383
41188
35913
40092
39604
35629
39863
39717
40731
38456
36388
38395
35902
42180
39685
45328
36196
39689
37729
37422
36507
37056
45052
40661
39238
40013
38432
39284
38288
39364
35502
35427
38992
36399
39271
41955
44730
38644
37133
37075
38671
38318
35611
36948
38407
39431
37278
40070
41102
39273
38372
42856
35432
39530
40246
41048
39292
34960
40726
41183
40090
41001
37152
40763
41526
39851
34950
43146
40815
36403
36412
32748
38245
41913
37791
38123
36413
39585
36317
33931
34903
36463
36468
36799
38406
33992
38960
41218
39898
37798
36575
42304
38321
36440
40225
36186
36663
35544
33136
43768
37266
34708
39707
36287
39027
41320
40418
41646
36520
36994
41160
35142
37631
40662
38516
39702
47461
39133
38631
40308
41476
36195
33305
39582
38745
39372
39711
41957
42415
41064
38119
39273
38450
39475
40252
42689
39191
36962
39792
38634
43054
36026
37200
39864
38708
37209
45541
38513
37754
39404
38665
38858
37327
38981
37548
45884
37487
41058
32056
38325
38311
39244
38352
37433
41918
35004
41951
41016
38615
38365
41439
40867
40659
37807
42054
38546
36015
40118
38183
42246
40677
38427
40253
38253
39227
43219
41193
40008
37013
39661
41081
39192
38995
37015
50359
39398
36698
31248
35043
37928
35507
37294
42162
46621
46623
35958
45134
37320
38120
43902
35266
42181
39181
42417
36373
37299
41519
36622
39599
40144
36462
38255
35786
40613
38084
37668
42671
39110
37963
42614
42213
43489
39719
35058
38402
34931
40284
39178
45161
39689
40671
39808
38173
40315
40403
40140
37893
37954
37176
30969
34806
47418
41059
41540
37803
38561
41444
41283
36570
38455
40969
43322
38857
42235
39284
35802
44124
38487
40229
35072
39607
38950
44116
38327
39561
36658
44293
37705
33899
38041
43818
39680
38823
39855
37041
38001
40824
37156
36673
37870
38403
41770
45486
42866
44231
35919
39500
41334
40858
39027
37569
42334
36808
41482
39300
41373
41849
34770
43535
36517
37902
37973
35884
41575
37617
33632
40501
36758
35315
47686
36988
41920
44173
39527
35686
38079
34736
42737
40724
41278
35685
34188
41075
38736
43900
36636
40574
35849
41933
38385
36452
42556
38667
39797
41534
33740
40879
38973
38447
37150
43556
38386
37759
38196
36687
43079
36594
40485
39615
37407
40180
38753
42322
39643
37534
35853
38999
39707
39457
37536
37961
36406
32276
39425
36967
40194
35273
44302
36718
37371
36011
41170
42559
37819
36406
35111
35081
39851
31983
35466
40588
47150
37512
37617
39763
41653
35133
34778
33471
41285
34031
40901
44290
41520
37558
38641
40656
33997
37307
41917
38727
38319
39541
41243
34669
38351
38395
39467
42781
41897
45519
38919
36278
38702
36918
36293
38359
41647
37608
33608
39223
41583
38643
40421
40625
38159
37513
36041
36040
38969
38419
37680
40646
36009
36311
50193
34776
39294
32931
38454
40301
36364
39417
37392
38940
36418
36179
42588
39754
40778
39570
41189
38044
36644
32565
39843
37341
33566
40212
38547
44951
41713
39609
45452
36421
35469
37363
36779
38436
38429
40204
37162
38370
39101
37705
35524
38744
41476
37789
38770
38108
35578
38474
44268
36715
41591
36414
36948
43661
36770
39761
35223
50904
41463
37870
36578
38862
39109
37458
44912
37323
37107
35920
33014
39733
39408
48203
40982
41053
36545
36954
34975
38732
42359
38797
42342
42487
42272
38327
38311
43675
43491
36151
34195
35938
40057
38239
35541
35699
40264
36811
34502
43409
39152
41326
41593
40850
36189
39693
40402
35274
43316
31585
36321
35736
39139
35638
36276
36841
41765
39215
34034
37759
41241
35271
34199
38211
35050
39502
36963
41466
36946
39300
41317
36288
39319
38366
40216
36602
43891
41840
40105
42648
37629
41434
43141
43189
40804
35314
36422
36206
44878
39727
42559
35750
35041
37576
35209
40713
38165
36873
47104
37511
42499
36450
38911
46711
41069
36095
37179
40363
40122
44181
32729
37679
44114
48596
44521
35463
38219
42259
39424
42968
38882
45499
39141
39100
36725
40394
38714
40745
42138
37087
32573
40614
37915
39107
33974
36982
36627
39196
42859
37832
44614
34491
40002
38910
38785
40213
46557
36125
37685
39746
40486
38579
40753
43195
37079
43417
38089
37723
42930
38248
37168
40467
38514
36645
39396
40801
41940
41098
42473
38594
37802
39374
38351
42277
44462
40207
32275
37227
39380
37141
39333
38440
40399
40175
50378
39790
38830
40440
42974
41777
38245
38278
34990
38588
30530
40356
35910
43401
36424
40243
48984
41498
39562
37053
39116
39949
38849
41586
39320
43519
36662
34790
43511
36356
45143
38810
43417
37432
34631
40538
39230
34521
36977
39251
38604
34539
35307
39722
45009
37702
33149
36999
38942
39268
38449
37825
41863
33566
48991
33794
46774
35916
36893
38846
40577
35759
28726
35519
38785
36655
37047
37442
39738
44265
37638
34363
36829
39363
35533
43797
39520
41369
35947
36561
37822
34501
40602
38334
37335
40884
36805
40113
39347
36439
36779
37162
38517
42090
36239
45843
33917
38206
40726
37567
39324
44797
39815
37582
38981
40952
40627
35753
37742
43475
35559
33464
37802
34553
36876
36072
37364
36724
39817
37568
36858
39556
42688
41788
41233
34417
41046
43999
41229
36557
38855
37001
40538
38997
42366
47197
43873
35095
40166
38419
41728
36969
41761
40632
40006
53735
36706
40381
43515
37424
53776
41956
37938
36009
41050
39327
37798
41048
37429
36339
39283
40072
36583
40323
37504
39070
40731
37211
39687
36739
41919
44090
36755
38838
38585
37985
38420
41193
40845
43674
37692
37360
38123
39566
36105
37926
37519
41796
31441
38268
50679
42613
46737
38695
36671
35911
37393
39575
37363
42169
41601
38560
38605
39625
43937
39128
37097
40928
41646
40035
43476
41144
38004
36249
40514
39946
40170
36952
36213
39049
39774
42028
40466
39345
37408
39243
34342
47584
49153
39791
34365
46469
43174
38446
34835
36006
33539
39639
35448
38463
39174
43955
41627
36198
38972
38100
40959
34666
39121
34027
36768
39243
38514
39037
47577
36052
42191
37724
34919
38230
40528
37926
31998
40045
40584
34407
36377
34499
36597
33717
37900
40329
38746
39628
37639
41782
38616
39135
35124
39766
42210
38499
38628
37330
34025
39141
44670
38867
38098
44421
40053
36848
39799
37551
36408
33589
38565
41030
38201
36026
38440
41374
33561
33309
35804
39214
37895
44737
42811
38006
46190
23271
37770
38936
38330
40441
41892
39792
37705
36875
42171
39263
36203
44044
43118
48858
40379
36686
37516
39676
36732
36622
42384
45755
37494
37851
37141
41480
37876
40150
45822
43711
34170
41341
38769
39541
36260
37799
38621
34026
40615
38818
39672
38689
33066
36096
39291
43791
36569
40666
42061
40959
37550
38969
41187
36822
40162
39828
37776
37290
41448
38190
34908
42119
38806
38106
40267
41054
39812
42458
41676
34065
36136
42393
39590
46818
38959
40717
50525
40739
35609
38721
38103
39710
41507
38714
40676
29787
45090
38086
42544
35172
39656
44842
36478
36567
34087
36367
40648
35866
42747
42027
40036
36640
38491
40080
34953
38580
36511
43214
38303
40253
39374
38645
43506
42738
40049
38531
43901
37083
37269
41195
37558
35252
37895
44130
38825
40230
37758
47411
39232
40805
41391
43883
42739
47845
33719
37292
35117
35762
36481
38912
43180
39003
39252
43815
44907
18718
41413
40686
42680
36859
34097
39862
41781
39612
34595
37946
34895
35354
42569
44789
34984
33826
39208
36442
39925
39688
35934
40265
36600
42634
35431
36546
38705
36432
36805
42776
40969
30789
33615
40282
40336
39383
37700
37015
48733
37588
33033
40224
34055
41517
39746
46684
44976
37368
41959
39544
38278
41695
38309
35822
36210
40914
39076
48306
39188
38272
35106
37821
42243
41278
35006
41734
35312
39151
38496
47682
39216
37580
37827
42939
36648
37326
41782
41906
35032
42376
35240
38596
37632
36592
34814
39169
30998
38368
44395
39739
41224
36902
40253
32781
39173
38423
38807
41916
38452
40477
32553
43399
38189
41136
38756
35320
41009
34735
40637
35338
39978
33977
36412
42213
37038
48592
37502
42179
41795
36550
41969
38786
36212
36060
41397
44838
40815
37126
36731
42288
38901
40490
40627
43239
38384
53162
40705
39689
37652
42532
37301
41020
37780
40989
39131
35212
56528
37405
41875
38043
39751
35176
34561
37067
43175
34644
37305
43155
37240
38103
39176
37850
38933
40286
38568
34868
34657
45785
35523
38645
38463
35245
39055
37403
41028
37376
37387
38606
40441
38820
48251
42252
39335
41645
41851
40312
43417
41489
37874
37530
36121
43393
40226
38247
45813
39193
43549
39260
38166
39329
39952
36827
39722
34288
36703
40428
36137
32937
36328
40900
38636
50365
42045
34690
43905
38876
37844
33557
39033
39628
39530
42574
41416
39110
44267
42793
39691
40464
38906
41694
38838
35141
35902
40906
36531
36923
35146
36552
39545
42833
39178
36010
35513
37043
37824
45201
44374
38732
35699
39896
40742
39276
43535
41567
32822
35926
34754
38791
38026
48253
39268
42196
42003
39644
39801
37777
43221
37532
28793
39223
41248
37751
40415
40605
41618
36951
37771
34967
40993
38184
41560
43774
42513
34469
43647
41094
43912
44479
40907
35229
39295
39164
40815
38461
45506
40540
44462
42206
40430
37198
40568
40531
38319
39404
40932
38690
43626
42106
41063
36398
35052
36389
38945
43005
35816
34797
37093
36729
42453
41583
40454
35603
38716
43683
39636
37953
42598
39015
37685
38771
37796
40220
41001
35326
39594
40242
40003
36890
39540
38138
39624
36363
36086
51409
37320
43097
38982
35568
41859
41771
42752
36637
42678
35945
33273
37964
46120
35692
35611
38653
38379
51555
33170
35367
40729
38994
43338
42709
36686
37246
36613
39899
36364
34804
40911
41263
35551
39590
36746
40638
37106
39751
32655
47951
39391
36344
37954
36441
37615
37960
37370
38841
37926
41224
36285
54172
37849
41006
39512
39955
38329
37101
45220
48201
43597
44647
40986
36255
46619
41341
37651
36461
45579
36396
39494
38112
40307
40872
38503
43100
42922
43726
36515
38988
37544
43147
31803
36356
38489
39171
40273
33603
36237
49584
43401
37979
45502
38597
43078
40760
50028
34866
38714
36877
42086
34367
37605
34621
37091
38638
35054
38567
39085
38702
35583
34780
36490
40243
36282
39427
36790
41045
36682
41718
37805
41371
36227
38353
40776
41386
41619
40938
40841
36358
35940
39297
40347
37346
39172
32004
40458
35296
40960
38261
39069
29296
33762
35432
37793
35510
42688
38115
41374
36389
39200
41196
37688
34877
38836
43392
44881
36386
41271
34100
38505
36207
38244
36857
39761
38579
34269
41068
36288
40201
43490
41099
42917
39001
40901
37463
39045
41623
35719
41123
41347
36824
42592
43325
36694
39102
45453
41733
34762
42251
33661
39566
37308
39959
39369
42409
35343
40853
39834
37177
35276
38368
40872
37317
37796
34879
38943
39807
33087
54548
38425
40053
40228
37953
38945
38108
38075
30587
38426
37431
39419
48651
36021
40181
45086
35539
38864
38535
43675
39350
41355
35759
40494
33701
35744
42673
37550
39373
39216
38994
45655
36262
36246
52865
32686
39120
38299
41989
34329
41328
39796
34848
38433
42985
35022
37950
43579
38556
43921
40407
39425
41039
37592
40235
42401
41252
40163
40630
41088
36581
35842
50240
42116
37971
39088
42071
42411
42339
36914
41379
39582
40328
39522
32315
37187
35029
37038
44563
51505
38503
26102
41788
37463
34642
44532
35476
55475
39679
41802
37272
40073
40529
40092
29153
38300
41611
36706
44817
42934
39858
41992
40929
38154
39491
44018
31812
33238
38889
49419
40679
40020
45396
36824
35228
44404
40246
35528
33913
43170
38960
35778
45718
40449
44248
43482
40162
35735
39038
36275
40989
37313
39212
37543
38251
36164
40109
38127
42541
40919
38598
43169
38438
39605
37575
34480
36546
43332
40394
47169
35943
43492
40253
45430
36319
40210
35930
42091
48312
41668
41710
40144
36343
40545
37884
35991
38341
40441
36467
37898
41857
35882
38045
34687
46588
37104
31008
33784
38480
36675
46867
42032
38229
39960
37091
37942
39036
42398
33182
44460
44536
40433
35674
37839
35417
50492
37132
39024
40002
42003
43176
41778
37808
33945
40991
38448
38539
39197
37487
37887
38748
38872
44851
32841
34415
37910
34327
41040
39233
34677
40300
37776
37493
39192
48033
39569
38975
39877
43712
40205
38140
36996
41490
36722
36936
35537
40273
39048
37669
35044
31863
36757
36504
39480
35625
36409
30370
42563
39787
44447
39646
37752
40227
45773
43725
32959
38163
39508
43662
48086
52250
39589
39159
39199
36474
44180
41513
40092
41632
41255
37780
40108
35662
40633
41369
36295
43755
38195
39839
44545
34845
41752
44030
36739
41000
38022
37049
40947
34968
48619
35791
39614
37382
38795
37896
45640
38222
37737
37565
46680
41163
36022
44160
40895
40214
37901
34565
32856
44134
38065
41721
35350
36796
42786
32436
46765
39019
39327
39157
33863
39309
36845
31326
56103
37665
36876
41187
38037
48141
40131
36076
43948
38508
39476
37990
36374
50940
40967
36924
40313
38810
39934
38285
36363
42669
45506
41211
37078
32345
37781
36160
18328
48990
38074
41728
41508
45188
37591
41202
36153
47534
39483
35781
38295
37519
36105
25905
44285
34727
41646
36751
38074
39269
37651
40255
42053
40249
40971
41039
41371
37347
37437
38037
40853
40902
35590
39591
45637
41265
31550
42138
44030
35032
37172
33000
36343
38163
38921
44034
34965
40037
35364
41603
41693
38691
49822
38791
38979
39727
44405
41506
37663
38645
37896
40274
33504
34792
34950
33087
39591
38266
37278
38605
47616
42558
41895
41565
43733
33972
39809
46690
45485
39568
40211
35285
34988
46254
41239
35646
43257
38661
36327
38943
32880
41093
43417
37419
45311
38923
44202
43964
38805
38545
37305
31570
37065
37344
39432
37564
49415
37090
41456
37686
43930
41287
39275
48545
35128
50503
38761
34751
43030
42789
42200
36598
41578
38611
50499
41906
37724
37320
40310
39396
